------------------

Original List for: 10 outputs

7 7 8 7 6 3 7 8 5 1 

Insertion Unsorted Time for 10 outputs: 254600.0 nanoseconds

1 3 5 6 7 7 7 7 8 8 

Insertion Sorted Time for 10 outputs: 69000.0 nanoseconds

1 3 5 6 7 7 7 7 8 8 

Insertion Reversed Time for 10 outputs: 697500.0 nanoseconds

8 8 7 7 7 7 6 5 3 1 

------------------

Original List for: 50 outputs

10 43 49 1 31 10 20 47 27 16 33 34 35 27 6 43 8 19 10 29 21 12 5 46 44 
23 49 22 20 37 40 27 24 1 35 29 16 38 13 6 28 27 23 20 12 18 13 0 5 27 


Insertion Unsorted Time for 50 outputs: 2952700.0 nanoseconds

0 1 1 5 5 6 6 8 10 10 10 12 12 13 13 16 16 18 19 20 20 20 21 22 23 
23 24 27 27 27 27 27 28 29 29 31 33 34 35 35 37 38 40 43 43 44 46 47 49 49 


Insertion Sorted Time for 50 outputs: 191800.0 nanoseconds

0 1 1 5 5 6 6 8 10 10 10 12 12 13 13 16 16 18 19 20 20 20 21 22 23 
23 24 27 27 27 27 27 28 29 29 31 33 34 35 35 37 38 40 43 43 44 46 47 49 49 


Insertion Reversed Time for 50 outputs: 2214700.0 nanoseconds

49 49 47 46 44 43 43 40 38 37 35 35 34 33 31 29 29 28 27 27 27 27 27 24 23 
23 22 21 20 20 20 19 18 16 16 13 13 12 12 10 10 10 8 6 6 5 5 1 1 0 


------------------

Original List for: 100 outputs

40 45 9 85 70 79 40 76 28 37 18 73 85 69 84 98 52 26 67 47 11 42 89 97 57 
50 39 81 39 63 14 52 80 51 89 13 11 69 14 84 20 80 87 34 32 94 57 63 77 26 
12 52 24 51 89 27 53 88 39 68 38 2 89 46 75 85 94 74 50 83 13 60 82 90 25 
73 61 41 68 26 45 99 27 23 90 20 88 23 14 56 16 91 74 94 85 82 90 86 40 77 


Insertion Unsorted Time for 100 outputs: 3543400.0 nanoseconds

2 9 11 11 12 13 13 14 14 14 16 18 20 20 23 23 24 25 26 26 26 27 27 28 32 
34 37 38 39 39 39 40 40 40 41 42 45 45 46 47 50 50 51 51 52 52 52 53 56 57 
57 60 61 63 63 67 68 68 69 69 70 73 73 74 74 75 76 77 77 79 80 80 81 82 82 
83 84 84 85 85 85 85 86 87 88 88 89 89 89 89 90 90 90 91 94 94 94 97 98 99 


Insertion Sorted Time for 100 outputs: 158800.0 nanoseconds

2 9 11 11 12 13 13 14 14 14 16 18 20 20 23 23 24 25 26 26 26 27 27 28 32 
34 37 38 39 39 39 40 40 40 41 42 45 45 46 47 50 50 51 51 52 52 52 53 56 57 
57 60 61 63 63 67 68 68 69 69 70 73 73 74 74 75 76 77 77 79 80 80 81 82 82 
83 84 84 85 85 85 85 86 87 88 88 89 89 89 89 90 90 90 91 94 94 94 97 98 99 


Insertion Reversed Time for 100 outputs: 7519300.0 nanoseconds

99 98 97 94 94 94 91 90 90 90 89 89 89 89 88 88 87 86 85 85 85 85 84 84 83 
82 82 81 80 80 79 77 77 76 75 74 74 73 73 70 69 69 68 68 67 63 63 61 60 57 
57 56 53 52 52 52 51 51 50 50 47 46 45 45 42 41 40 40 40 39 39 39 38 37 34 
32 28 27 27 26 26 26 25 24 23 23 20 20 18 16 14 14 14 13 13 12 11 11 9 2 


------------------

Original List for: 150 outputs

81 57 127 44 77 23 58 66 123 108 77 91 85 85 44 124 111 102 120 132 138 86 120 35 6 
36 87 136 136 139 141 27 40 74 13 148 36 45 52 73 118 4 7 92 73 117 135 54 39 133 
74 117 102 46 14 11 60 4 9 78 52 98 15 91 57 23 30 59 62 54 119 24 82 62 33 
122 106 10 29 39 58 34 113 131 32 112 35 94 85 3 8 48 95 81 75 102 140 39 6 102 
76 58 82 28 63 101 65 19 63 29 11 85 128 101 77 31 97 112 17 4 9 130 114 149 99 
130 134 29 117 33 20 48 13 32 131 147 143 68 143 125 73 24 110 72 79 50 113 83 85 53 


Insertion Unsorted Time for 150 outputs: 4051800.0 nanoseconds

3 4 4 4 6 6 7 8 9 9 10 11 11 13 13 14 15 17 19 20 23 23 24 24 27 
28 29 29 29 30 31 32 32 33 33 34 35 35 36 36 39 39 39 40 44 44 45 46 48 48 
50 52 52 53 54 54 57 57 58 58 58 59 60 62 62 63 63 65 66 68 72 73 73 73 74 
74 75 76 77 77 77 78 79 81 81 82 82 83 85 85 85 85 85 86 87 91 91 92 94 95 
97 98 99 101 101 102 102 102 102 106 108 110 111 112 112 113 113 114 117 117 117 118 119 120 120 
122 123 124 125 127 128 130 130 131 131 132 133 134 135 136 136 138 139 140 141 143 143 147 148 149 


Insertion Sorted Time for 150 outputs: 105300.0 nanoseconds

3 4 4 4 6 6 7 8 9 9 10 11 11 13 13 14 15 17 19 20 23 23 24 24 27 
28 29 29 29 30 31 32 32 33 33 34 35 35 36 36 39 39 39 40 44 44 45 46 48 48 
50 52 52 53 54 54 57 57 58 58 58 59 60 62 62 63 63 65 66 68 72 73 73 73 74 
74 75 76 77 77 77 78 79 81 81 82 82 83 85 85 85 85 85 86 87 91 91 92 94 95 
97 98 99 101 101 102 102 102 102 106 108 110 111 112 112 113 113 114 117 117 117 118 119 120 120 
122 123 124 125 127 128 130 130 131 131 132 133 134 135 136 136 138 139 140 141 143 143 147 148 149 


Insertion Reversed Time for 150 outputs: 6576300.0 nanoseconds

149 148 147 143 143 141 140 139 138 136 136 135 134 133 132 131 131 130 130 128 127 125 124 123 122 
120 120 119 118 117 117 117 114 113 113 112 112 111 110 108 106 102 102 102 102 101 101 99 98 97 
95 94 92 91 91 87 86 85 85 85 85 85 83 82 82 81 81 79 78 77 77 77 76 75 74 
74 73 73 73 72 68 66 65 63 63 62 62 60 59 58 58 58 57 57 54 54 53 52 52 50 
48 48 46 45 44 44 40 39 39 39 36 36 35 35 34 33 33 32 32 31 30 29 29 29 28 
27 24 24 23 23 20 19 17 15 14 13 13 11 11 10 9 9 8 7 6 6 4 4 4 3 


------------------

Original List for: 300 outputs

82 187 38 118 127 186 232 89 82 27 246 20 258 38 92 144 294 47 163 221 82 77 270 74 47 
262 147 292 12 15 107 141 245 27 189 84 29 34 137 179 21 145 135 272 102 104 0 286 85 269 
69 81 213 216 60 5 146 48 173 156 190 10 40 262 24 99 256 287 150 241 155 12 144 39 279 
58 112 102 155 56 277 225 94 248 290 135 120 33 91 65 250 244 252 38 33 221 219 44 200 210 
36 142 287 188 292 219 108 81 214 99 112 226 207 3 299 272 42 11 69 146 99 297 24 147 96 
253 11 95 153 89 150 165 282 158 189 287 233 292 259 254 90 116 171 51 143 60 26 279 183 236 
264 144 142 248 82 82 148 237 293 66 127 134 84 225 125 265 208 44 51 38 96 180 47 124 261 
241 140 218 196 181 120 262 12 22 180 146 267 276 20 299 256 59 77 103 11 117 20 230 108 121 
114 277 160 187 154 248 234 298 212 203 150 153 166 20 167 214 56 15 77 206 126 202 259 286 215 
84 124 58 11 94 263 52 253 238 73 76 253 76 41 188 233 130 130 75 11 223 181 175 228 248 
271 155 164 51 119 287 57 210 129 187 194 1 6 295 65 199 164 98 194 23 203 13 212 39 226 
36 146 122 271 128 26 227 21 287 237 154 52 149 134 11 232 104 258 66 263 4 234 130 46 226 


Insertion Unsorted Time for 300 outputs: 2.21504E7 nanoseconds

0 1 3 4 5 6 10 11 11 11 11 11 11 12 12 12 13 15 15 20 20 20 20 21 21 
22 23 24 24 26 26 27 27 29 33 33 34 36 36 38 38 38 38 39 39 40 41 42 44 44 
46 47 47 47 48 51 51 51 52 52 56 56 57 58 58 59 60 60 65 65 66 66 69 69 73 
74 75 76 76 77 77 77 81 81 82 82 82 82 82 84 84 84 85 89 89 90 91 92 94 94 
95 96 96 98 99 99 99 102 102 103 104 104 107 108 108 112 112 114 116 117 118 119 120 120 121 
122 124 124 125 126 127 127 128 129 130 130 130 134 134 135 135 137 140 141 142 142 143 144 144 144 
145 146 146 146 146 147 147 148 149 150 150 150 153 153 154 154 155 155 155 156 158 160 163 164 164 
165 166 167 171 173 175 179 180 180 181 181 183 186 187 187 187 188 188 189 189 190 194 194 196 199 
200 202 203 203 206 207 208 210 210 212 212 213 214 214 215 216 218 219 219 221 221 223 225 225 226 
226 226 227 228 230 232 232 233 233 234 234 236 237 237 238 241 241 244 245 246 248 248 248 248 250 
252 253 253 253 254 256 256 258 258 259 259 261 262 262 262 263 263 264 265 267 269 270 271 271 272 
272 276 277 277 279 279 282 286 286 287 287 287 287 287 290 292 292 292 293 294 295 297 298 299 299 


Insertion Sorted Time for 300 outputs: 221400.0 nanoseconds

0 1 3 4 5 6 10 11 11 11 11 11 11 12 12 12 13 15 15 20 20 20 20 21 21 
22 23 24 24 26 26 27 27 29 33 33 34 36 36 38 38 38 38 39 39 40 41 42 44 44 
46 47 47 47 48 51 51 51 52 52 56 56 57 58 58 59 60 60 65 65 66 66 69 69 73 
74 75 76 76 77 77 77 81 81 82 82 82 82 82 84 84 84 85 89 89 90 91 92 94 94 
95 96 96 98 99 99 99 102 102 103 104 104 107 108 108 112 112 114 116 117 118 119 120 120 121 
122 124 124 125 126 127 127 128 129 130 130 130 134 134 135 135 137 140 141 142 142 143 144 144 144 
145 146 146 146 146 147 147 148 149 150 150 150 153 153 154 154 155 155 155 156 158 160 163 164 164 
165 166 167 171 173 175 179 180 180 181 181 183 186 187 187 187 188 188 189 189 190 194 194 196 199 
200 202 203 203 206 207 208 210 210 212 212 213 214 214 215 216 218 219 219 221 221 223 225 225 226 
226 226 227 228 230 232 232 233 233 234 234 236 237 237 238 241 241 244 245 246 248 248 248 248 250 
252 253 253 253 254 256 256 258 258 259 259 261 262 262 262 263 263 264 265 267 269 270 271 271 272 
272 276 277 277 279 279 282 286 286 287 287 287 287 287 290 292 292 292 293 294 295 297 298 299 299 


Insertion Reversed Time for 300 outputs: 3.10341E7 nanoseconds

299 299 298 297 295 294 293 292 292 292 290 287 287 287 287 287 286 286 282 279 279 277 277 276 272 
272 271 271 270 269 267 265 264 263 263 262 262 262 261 259 259 258 258 256 256 254 253 253 253 252 
250 248 248 248 248 246 245 244 241 241 238 237 237 236 234 234 233 233 232 232 230 228 227 226 226 
226 225 225 223 221 221 219 219 218 216 215 214 214 213 212 212 210 210 208 207 206 203 203 202 200 
199 196 194 194 190 189 189 188 188 187 187 187 186 183 181 181 180 180 179 175 173 171 167 166 165 
164 164 163 160 158 156 155 155 155 154 154 153 153 150 150 150 149 148 147 147 146 146 146 146 145 
144 144 144 143 142 142 141 140 137 135 135 134 134 130 130 130 129 128 127 127 126 125 124 124 122 
121 120 120 119 118 117 116 114 112 112 108 108 107 104 104 103 102 102 99 99 99 98 96 96 95 
94 94 92 91 90 89 89 85 84 84 84 82 82 82 82 82 81 81 77 77 77 76 76 75 74 
73 69 69 66 66 65 65 60 60 59 58 58 57 56 56 52 52 51 51 51 48 47 47 47 46 
44 44 42 41 40 39 39 38 38 38 38 36 36 34 33 33 29 27 27 26 26 24 24 23 22 
21 21 20 20 20 20 15 15 13 12 12 12 11 11 11 11 11 11 10 6 5 4 3 1 0 


------------------

Original List for: 500 outputs

289 358 467 14 440 218 480 223 227 26 192 450 118 146 279 391 466 138 445 206 459 109 171 290 185 
222 106 213 112 274 477 79 240 469 125 247 275 83 290 220 310 131 361 121 110 344 281 327 325 164 
462 177 200 295 76 344 334 188 62 376 190 315 371 409 41 455 451 316 35 43 98 216 232 216 338 
462 124 29 463 421 372 160 484 325 425 133 74 455 102 298 48 330 61 337 370 233 247 357 194 193 
221 272 482 454 40 450 474 427 126 70 73 183 7 489 215 67 361 163 492 478 351 121 287 123 81 
25 348 222 263 455 413 38 485 24 193 179 134 305 105 153 453 169 91 229 216 313 186 44 405 422 
304 245 256 256 80 39 218 57 263 497 419 364 302 55 183 386 230 302 307 433 4 459 116 312 289 
498 157 333 17 34 202 4 337 157 301 385 287 357 248 379 29 421 457 345 449 359 346 42 319 68 
382 273 55 183 474 302 59 446 417 115 433 354 89 63 378 325 319 65 466 411 346 474 348 214 29 
54 459 424 247 321 187 144 223 477 461 440 362 55 425 301 68 51 42 388 113 482 365 154 12 144 
444 168 273 382 470 241 141 414 47 68 306 297 174 98 471 255 215 365 33 191 379 93 495 65 351 
284 24 189 89 47 383 289 211 259 453 239 246 190 255 194 434 69 19 132 51 323 108 325 152 268 
331 342 290 275 417 376 105 10 479 260 66 68 373 357 311 354 386 317 215 19 114 70 136 273 6 
220 172 322 260 423 325 479 55 388 392 357 338 185 23 369 470 435 52 454 32 71 29 7 31 17 
147 42 434 321 144 445 190 79 384 264 263 87 145 155 303 226 354 10 487 416 434 211 337 151 70 
464 99 488 241 99 98 22 489 383 88 164 338 341 8 172 71 80 315 483 365 333 289 111 368 215 
87 48 125 466 36 370 110 439 234 476 310 474 265 167 1 69 31 47 363 65 24 399 497 294 410 
319 252 431 298 126 131 59 214 194 349 420 114 174 255 306 137 274 133 312 369 86 335 448 431 45 
327 401 242 121 54 251 43 40 327 254 226 285 13 126 336 410 118 159 464 74 5 422 477 184 1 
277 1 210 182 385 245 223 1 313 437 228 442 346 147 118 294 50 340 104 311 21 438 419 170 73 


Insertion Unsorted Time for 500 outputs: 9.19822E7 nanoseconds

1 1 1 1 4 4 5 6 7 7 8 10 10 12 13 14 17 17 19 19 21 22 23 24 24 
24 25 26 29 29 29 29 31 31 32 33 34 35 36 38 39 40 40 41 42 42 42 43 43 44 
45 47 47 47 48 48 50 51 51 52 54 54 55 55 55 55 57 59 59 61 62 63 65 65 65 
66 67 68 68 68 68 69 69 70 70 70 71 71 73 73 74 74 76 79 79 80 80 81 83 86 
87 87 88 89 89 91 93 98 98 98 99 99 102 104 105 105 106 108 109 110 110 111 112 113 114 
114 115 116 118 118 118 121 121 121 123 124 125 125 126 126 126 131 131 132 133 133 134 136 137 138 
141 144 144 144 145 146 147 147 151 152 153 154 155 157 157 159 160 163 164 164 167 168 169 170 171 
172 172 174 174 177 179 182 183 183 183 184 185 185 186 187 188 189 190 190 190 191 192 193 193 194 
194 194 200 202 206 210 211 211 213 214 214 215 215 215 215 216 216 216 218 218 220 220 221 222 222 
223 223 223 226 226 227 228 229 230 232 233 234 239 240 241 241 242 245 245 246 247 247 247 248 251 
252 254 255 255 255 256 256 259 260 260 263 263 263 264 265 268 272 273 273 273 274 274 275 275 277 
279 281 284 285 287 287 289 289 289 289 290 290 290 294 294 295 297 298 298 301 301 302 302 302 303 
304 305 306 306 307 310 310 311 311 312 312 313 313 315 315 316 317 319 319 319 321 321 322 323 325 
325 325 325 325 327 327 327 330 331 333 333 334 335 336 337 337 337 338 338 338 340 341 342 344 344 
345 346 346 346 348 348 349 351 351 354 354 354 357 357 357 357 358 359 361 361 362 363 364 365 365 
365 368 369 369 370 370 371 372 373 376 376 378 379 379 382 382 383 383 384 385 385 386 386 388 388 
391 392 399 401 405 409 410 410 411 413 414 416 417 417 419 419 420 421 421 422 422 423 424 425 425 
427 431 431 433 433 434 434 434 435 437 438 439 440 440 442 444 445 445 446 448 449 450 450 451 453 
453 454 454 455 455 455 457 459 459 459 461 462 462 463 464 464 466 466 466 467 469 470 470 471 474 
474 474 474 476 477 477 477 478 479 479 480 482 482 483 484 485 487 488 489 489 492 495 497 497 498 


Insertion Sorted Time for 500 outputs: 429000.0 nanoseconds

1 1 1 1 4 4 5 6 7 7 8 10 10 12 13 14 17 17 19 19 21 22 23 24 24 
24 25 26 29 29 29 29 31 31 32 33 34 35 36 38 39 40 40 41 42 42 42 43 43 44 
45 47 47 47 48 48 50 51 51 52 54 54 55 55 55 55 57 59 59 61 62 63 65 65 65 
66 67 68 68 68 68 69 69 70 70 70 71 71 73 73 74 74 76 79 79 80 80 81 83 86 
87 87 88 89 89 91 93 98 98 98 99 99 102 104 105 105 106 108 109 110 110 111 112 113 114 
114 115 116 118 118 118 121 121 121 123 124 125 125 126 126 126 131 131 132 133 133 134 136 137 138 
141 144 144 144 145 146 147 147 151 152 153 154 155 157 157 159 160 163 164 164 167 168 169 170 171 
172 172 174 174 177 179 182 183 183 183 184 185 185 186 187 188 189 190 190 190 191 192 193 193 194 
194 194 200 202 206 210 211 211 213 214 214 215 215 215 215 216 216 216 218 218 220 220 221 222 222 
223 223 223 226 226 227 228 229 230 232 233 234 239 240 241 241 242 245 245 246 247 247 247 248 251 
252 254 255 255 255 256 256 259 260 260 263 263 263 264 265 268 272 273 273 273 274 274 275 275 277 
279 281 284 285 287 287 289 289 289 289 290 290 290 294 294 295 297 298 298 301 301 302 302 302 303 
304 305 306 306 307 310 310 311 311 312 312 313 313 315 315 316 317 319 319 319 321 321 322 323 325 
325 325 325 325 327 327 327 330 331 333 333 334 335 336 337 337 337 338 338 338 340 341 342 344 344 
345 346 346 346 348 348 349 351 351 354 354 354 357 357 357 357 358 359 361 361 362 363 364 365 365 
365 368 369 369 370 370 371 372 373 376 376 378 379 379 382 382 383 383 384 385 385 386 386 388 388 
391 392 399 401 405 409 410 410 411 413 414 416 417 417 419 419 420 421 421 422 422 423 424 425 425 
427 431 431 433 433 434 434 434 435 437 438 439 440 440 442 444 445 445 446 448 449 450 450 451 453 
453 454 454 455 455 455 457 459 459 459 461 462 462 463 464 464 466 466 466 467 469 470 470 471 474 
474 474 474 476 477 477 477 478 479 479 480 482 482 483 484 485 487 488 489 489 492 495 497 497 498 


Insertion Reversed Time for 500 outputs: 1.84403E8 nanoseconds

498 497 497 495 492 489 489 488 487 485 484 483 482 482 480 479 479 478 477 477 477 476 474 474 474 
474 471 470 470 469 467 466 466 466 464 464 463 462 462 461 459 459 459 457 455 455 455 454 454 453 
453 451 450 450 449 448 446 445 445 444 442 440 440 439 438 437 435 434 434 434 433 433 431 431 427 
425 425 424 423 422 422 421 421 420 419 419 417 417 416 414 413 411 410 410 409 405 401 399 392 391 
388 388 386 386 385 385 384 383 383 382 382 379 379 378 376 376 373 372 371 370 370 369 369 368 365 
365 365 364 363 362 361 361 359 358 357 357 357 357 354 354 354 351 351 349 348 348 346 346 346 345 
344 344 342 341 340 338 338 338 337 337 337 336 335 334 333 333 331 330 327 327 327 325 325 325 325 
325 323 322 321 321 319 319 319 317 316 315 315 313 313 312 312 311 311 310 310 307 306 306 305 304 
303 302 302 302 301 301 298 298 297 295 294 294 290 290 290 289 289 289 289 287 287 285 284 281 279 
277 275 275 274 274 273 273 273 272 268 265 264 263 263 263 260 260 259 256 256 255 255 255 254 252 
251 248 247 247 247 246 245 245 242 241 241 240 239 234 233 232 230 229 228 227 226 226 223 223 223 
222 222 221 220 220 218 218 216 216 216 215 215 215 215 214 214 213 211 211 210 206 202 200 194 194 
194 193 193 192 191 190 190 190 189 188 187 186 185 185 184 183 183 183 182 179 177 174 174 172 172 
171 170 169 168 167 164 164 163 160 159 157 157 155 154 153 152 151 147 147 146 145 144 144 144 141 
138 137 136 134 133 133 132 131 131 126 126 126 125 125 124 123 121 121 121 118 118 118 116 115 114 
114 113 112 111 110 110 109 108 106 105 105 104 102 99 99 98 98 98 93 91 89 89 88 87 87 
86 83 81 80 80 79 79 76 74 74 73 73 71 71 70 70 70 69 69 68 68 68 68 67 66 
65 65 65 63 62 61 59 59 57 55 55 55 55 54 54 52 51 51 50 48 48 47 47 47 45 
44 43 43 42 42 42 41 40 40 39 38 36 35 34 33 32 31 31 29 29 29 29 26 25 24 
24 24 23 22 21 19 19 17 17 14 13 12 10 10 8 7 7 6 5 4 4 1 1 1 1 


------------------

Original List for: 1000 outputs

374 362 272 326 521 459 558 473 739 532 892 39 28 796 662 901 554 14 697 735 157 873 160 566 729 
753 130 36 939 350 792 544 447 742 860 330 950 210 598 380 877 186 800 666 920 38 225 952 29 938 
727 343 357 628 869 316 838 541 116 861 771 754 278 177 85 199 733 875 778 239 778 465 852 314 418 
207 493 467 523 932 14 340 324 30 599 416 770 167 168 525 151 243 382 733 308 108 34 295 64 956 
795 335 561 670 260 702 894 450 328 207 319 323 785 496 388 727 95 553 299 626 486 892 645 23 377 
320 231 381 187 860 863 321 868 173 484 934 616 580 328 573 859 743 170 762 105 970 387 974 162 466 
91 379 330 126 684 23 527 874 603 487 60 953 191 407 914 942 922 300 13 951 268 215 197 487 431 
62 259 719 918 776 515 896 310 716 826 295 366 422 52 381 563 600 424 570 412 225 680 806 845 789 
16 707 894 225 615 43 499 689 499 841 759 912 55 142 609 186 176 323 457 881 493 678 748 579 844 
371 210 492 450 272 785 269 506 397 402 249 967 894 402 528 181 862 419 402 833 946 360 321 912 887 
88 91 349 760 73 819 700 312 526 411 268 401 627 504 426 119 613 234 768 621 974 447 316 881 286 
707 989 5 758 285 872 885 302 289 480 425 351 470 892 486 322 51 563 381 646 499 50 671 777 761 
254 947 742 850 701 550 213 150 279 486 848 954 698 243 713 86 219 874 593 598 440 920 739 23 698 
831 567 183 216 816 75 177 358 77 620 980 332 161 706 488 163 751 825 324 483 44 812 670 832 138 
924 320 411 233 894 403 93 476 626 587 790 918 847 975 819 807 84 971 821 727 554 460 190 957 910 
239 287 476 706 214 757 267 107 936 451 959 77 12 400 248 706 586 680 997 218 30 993 52 515 882 
564 594 818 78 995 707 906 95 626 279 257 761 182 994 811 322 986 14 477 117 952 406 315 712 852 
329 102 898 612 841 893 132 964 576 28 547 487 102 754 567 879 594 708 916 341 58 895 218 220 888 
707 723 376 795 747 376 116 583 664 808 241 850 21 687 946 316 630 918 460 890 49 189 276 255 719 
418 984 160 436 404 327 586 273 521 372 707 131 560 229 961 805 763 571 51 624 333 930 298 682 140 
232 139 740 555 611 364 470 463 378 712 125 196 309 225 677 259 657 993 865 858 339 309 391 344 286 
959 745 491 744 558 766 728 110 844 87 958 952 372 477 856 840 437 703 421 123 8 857 350 418 322 
689 699 402 686 875 618 135 346 725 637 0 92 948 887 291 986 373 115 321 611 112 720 324 956 470 
349 413 474 43 837 755 737 782 215 526 960 358 749 553 202 591 663 109 209 322 548 834 760 194 572 
408 637 19 932 260 217 421 278 559 54 878 845 56 124 277 42 578 351 922 774 920 153 916 925 4 
519 658 915 711 611 723 902 162 958 530 463 316 727 576 566 636 125 77 33 414 509 209 664 259 160 
941 961 480 83 551 395 257 396 98 873 694 439 252 869 579 338 849 149 702 707 524 591 690 388 366 
53 496 568 111 685 605 741 833 744 950 270 309 853 255 603 733 657 612 735 544 509 599 782 12 667 
656 969 157 806 971 800 220 606 586 490 43 165 491 612 444 841 973 116 633 182 612 688 743 575 332 
992 228 705 154 741 727 581 269 604 678 151 435 699 850 271 489 279 688 956 35 560 689 104 321 241 
272 892 498 368 19 48 634 54 51 327 135 595 286 5 625 697 692 70 856 675 518 573 896 307 578 
861 175 773 651 736 703 283 830 553 750 501 399 864 106 332 417 393 347 932 709 289 865 196 26 895 
892 99 139 763 731 825 750 262 212 31 472 549 201 692 670 115 956 173 566 473 57 303 732 973 194 
820 960 957 88 920 229 182 781 511 53 965 550 614 639 153 637 970 811 804 30 600 108 428 15 362 
28 26 82 939 597 701 943 343 747 724 426 914 504 599 36 380 607 616 454 941 522 780 456 299 215 
104 615 277 901 1 517 314 525 380 778 179 899 327 320 890 987 130 828 934 616 229 960 244 439 208 
278 363 267 17 95 844 122 157 538 52 669 262 752 552 932 565 459 228 144 581 247 480 610 76 545 
855 584 78 564 997 920 159 242 76 557 125 623 499 239 128 674 140 967 455 549 240 7 160 843 114 
208 780 585 365 333 845 37 474 293 636 115 194 950 219 415 572 965 660 852 347 138 204 371 975 351 
992 631 895 793 418 861 552 360 344 650 909 65 33 524 915 706 653 178 446 733 528 95 438 790 754 


Insertion Unsorted Time for 1000 outputs: 8.948096E8 nanoseconds

0 1 4 5 5 7 8 12 12 13 14 14 14 15 16 17 19 19 21 23 23 23 26 26 28 
28 28 29 30 30 30 31 33 33 34 35 36 36 37 38 39 42 43 43 43 44 48 49 50 51 
51 51 52 52 52 53 53 54 54 55 56 57 58 60 62 64 65 70 73 75 76 76 77 77 77 
78 78 82 83 84 85 86 87 88 88 91 91 92 93 95 95 95 95 98 99 102 102 104 104 105 
106 107 108 108 109 110 111 112 114 115 115 115 116 116 116 117 119 122 123 124 125 125 125 126 128 
130 130 131 132 135 135 138 138 139 139 140 140 142 144 149 150 151 151 153 153 154 157 157 157 159 
160 160 160 160 161 162 162 163 165 167 168 170 173 173 175 176 177 177 178 179 181 182 182 182 183 
186 186 187 189 190 191 194 194 194 196 196 197 199 201 202 204 207 207 208 208 209 209 210 210 212 
213 214 215 215 215 216 217 218 218 219 219 220 220 225 225 225 225 228 228 229 229 229 231 232 233 
234 239 239 239 240 241 241 242 243 243 244 247 248 249 252 254 255 255 257 257 259 259 259 260 260 
262 262 267 267 268 268 269 269 270 271 272 272 272 273 276 277 277 278 278 278 279 279 279 283 285 
286 286 286 287 289 289 291 293 295 295 298 299 299 300 302 303 307 308 309 309 309 310 312 314 314 
315 316 316 316 316 319 320 320 320 321 321 321 321 322 322 322 322 323 323 324 324 324 326 327 327 
327 328 328 329 330 330 332 332 332 333 333 335 338 339 340 341 343 343 344 344 346 347 347 349 349 
350 350 351 351 351 357 358 358 360 360 362 362 363 364 365 366 366 368 371 371 372 372 373 374 376 
376 377 378 379 380 380 380 381 381 381 382 387 388 388 391 393 395 396 397 399 400 401 402 402 402 
402 403 404 406 407 408 411 411 412 413 414 415 416 417 418 418 418 418 419 421 421 422 424 425 426 
426 428 431 435 436 437 438 439 439 440 444 446 447 447 450 450 451 454 455 456 457 459 459 460 460 
463 463 465 466 467 470 470 470 472 473 473 474 474 476 476 477 477 480 480 480 483 484 486 486 486 
487 487 487 488 489 490 491 491 492 493 493 496 496 498 499 499 499 499 501 504 504 506 509 509 511 
515 515 517 518 519 521 521 522 523 524 524 525 525 526 526 527 528 528 530 532 538 541 544 544 545 
547 548 549 549 550 550 551 552 552 553 553 553 554 554 555 557 558 558 559 560 560 561 563 563 564 
564 565 566 566 566 567 567 568 570 571 572 572 573 573 575 576 576 578 578 579 579 580 581 581 583 
584 585 586 586 586 587 591 591 593 594 594 595 597 598 598 599 599 599 600 600 603 603 604 605 606 
607 609 610 611 611 611 612 612 612 612 613 614 615 615 616 616 616 618 620 621 623 624 625 626 626 
626 627 628 630 631 633 634 636 636 637 637 637 639 645 646 650 651 653 656 657 657 658 660 662 663 
664 664 666 667 669 670 670 670 671 674 675 677 678 678 680 680 682 684 685 686 687 688 688 689 689 
689 690 692 692 694 697 697 698 698 699 699 700 701 701 702 702 703 703 705 706 706 706 706 707 707 
707 707 707 707 708 709 711 712 712 713 716 719 719 720 723 723 724 725 727 727 727 727 727 728 729 
731 732 733 733 733 733 735 735 736 737 739 739 740 741 741 742 742 743 743 744 744 745 747 747 748 
749 750 750 751 752 753 754 754 754 755 757 758 759 760 760 761 761 762 763 763 766 768 770 771 773 
774 776 777 778 778 778 780 780 781 782 782 785 785 789 790 790 792 793 795 795 796 800 800 804 805 
806 806 807 808 811 811 812 816 818 819 819 820 821 825 825 826 828 830 831 832 833 833 834 837 838 
840 841 841 841 843 844 844 844 845 845 845 847 848 849 850 850 850 852 852 852 853 855 856 856 857 
858 859 860 860 861 861 861 862 863 864 865 865 868 869 869 872 873 873 874 874 875 875 877 878 879 
881 881 882 885 887 887 888 890 890 892 892 892 892 892 893 894 894 894 894 895 895 895 896 896 898 
899 901 901 902 906 909 910 912 912 914 914 915 915 916 916 918 918 918 920 920 920 920 920 922 922 
924 925 930 932 932 932 932 934 934 936 938 939 939 941 941 942 943 946 946 947 948 950 950 950 951 
952 952 952 953 954 956 956 956 956 957 957 958 958 959 959 960 960 960 961 961 964 965 965 967 967 
969 970 970 971 971 973 973 974 974 975 975 980 984 986 986 987 989 992 992 993 993 994 995 997 997 


Insertion Sorted Time for 1000 outputs: 1545600.0 nanoseconds

0 1 4 5 5 7 8 12 12 13 14 14 14 15 16 17 19 19 21 23 23 23 26 26 28 
28 28 29 30 30 30 31 33 33 34 35 36 36 37 38 39 42 43 43 43 44 48 49 50 51 
51 51 52 52 52 53 53 54 54 55 56 57 58 60 62 64 65 70 73 75 76 76 77 77 77 
78 78 82 83 84 85 86 87 88 88 91 91 92 93 95 95 95 95 98 99 102 102 104 104 105 
106 107 108 108 109 110 111 112 114 115 115 115 116 116 116 117 119 122 123 124 125 125 125 126 128 
130 130 131 132 135 135 138 138 139 139 140 140 142 144 149 150 151 151 153 153 154 157 157 157 159 
160 160 160 160 161 162 162 163 165 167 168 170 173 173 175 176 177 177 178 179 181 182 182 182 183 
186 186 187 189 190 191 194 194 194 196 196 197 199 201 202 204 207 207 208 208 209 209 210 210 212 
213 214 215 215 215 216 217 218 218 219 219 220 220 225 225 225 225 228 228 229 229 229 231 232 233 
234 239 239 239 240 241 241 242 243 243 244 247 248 249 252 254 255 255 257 257 259 259 259 260 260 
262 262 267 267 268 268 269 269 270 271 272 272 272 273 276 277 277 278 278 278 279 279 279 283 285 
286 286 286 287 289 289 291 293 295 295 298 299 299 300 302 303 307 308 309 309 309 310 312 314 314 
315 316 316 316 316 319 320 320 320 321 321 321 321 322 322 322 322 323 323 324 324 324 326 327 327 
327 328 328 329 330 330 332 332 332 333 333 335 338 339 340 341 343 343 344 344 346 347 347 349 349 
350 350 351 351 351 357 358 358 360 360 362 362 363 364 365 366 366 368 371 371 372 372 373 374 376 
376 377 378 379 380 380 380 381 381 381 382 387 388 388 391 393 395 396 397 399 400 401 402 402 402 
402 403 404 406 407 408 411 411 412 413 414 415 416 417 418 418 418 418 419 421 421 422 424 425 426 
426 428 431 435 436 437 438 439 439 440 444 446 447 447 450 450 451 454 455 456 457 459 459 460 460 
463 463 465 466 467 470 470 470 472 473 473 474 474 476 476 477 477 480 480 480 483 484 486 486 486 
487 487 487 488 489 490 491 491 492 493 493 496 496 498 499 499 499 499 501 504 504 506 509 509 511 
515 515 517 518 519 521 521 522 523 524 524 525 525 526 526 527 528 528 530 532 538 541 544 544 545 
547 548 549 549 550 550 551 552 552 553 553 553 554 554 555 557 558 558 559 560 560 561 563 563 564 
564 565 566 566 566 567 567 568 570 571 572 572 573 573 575 576 576 578 578 579 579 580 581 581 583 
584 585 586 586 586 587 591 591 593 594 594 595 597 598 598 599 599 599 600 600 603 603 604 605 606 
607 609 610 611 611 611 612 612 612 612 613 614 615 615 616 616 616 618 620 621 623 624 625 626 626 
626 627 628 630 631 633 634 636 636 637 637 637 639 645 646 650 651 653 656 657 657 658 660 662 663 
664 664 666 667 669 670 670 670 671 674 675 677 678 678 680 680 682 684 685 686 687 688 688 689 689 
689 690 692 692 694 697 697 698 698 699 699 700 701 701 702 702 703 703 705 706 706 706 706 707 707 
707 707 707 707 708 709 711 712 712 713 716 719 719 720 723 723 724 725 727 727 727 727 727 728 729 
731 732 733 733 733 733 735 735 736 737 739 739 740 741 741 742 742 743 743 744 744 745 747 747 748 
749 750 750 751 752 753 754 754 754 755 757 758 759 760 760 761 761 762 763 763 766 768 770 771 773 
774 776 777 778 778 778 780 780 781 782 782 785 785 789 790 790 792 793 795 795 796 800 800 804 805 
806 806 807 808 811 811 812 816 818 819 819 820 821 825 825 826 828 830 831 832 833 833 834 837 838 
840 841 841 841 843 844 844 844 845 845 845 847 848 849 850 850 850 852 852 852 853 855 856 856 857 
858 859 860 860 861 861 861 862 863 864 865 865 868 869 869 872 873 873 874 874 875 875 877 878 879 
881 881 882 885 887 887 888 890 890 892 892 892 892 892 893 894 894 894 894 895 895 895 896 896 898 
899 901 901 902 906 909 910 912 912 914 914 915 915 916 916 918 918 918 920 920 920 920 920 922 922 
924 925 930 932 932 932 932 934 934 936 938 939 939 941 941 942 943 946 946 947 948 950 950 950 951 
952 952 952 953 954 956 956 956 956 957 957 958 958 959 959 960 960 960 961 961 964 965 965 967 967 
969 970 970 971 971 973 973 974 974 975 975 980 984 986 986 987 989 992 992 993 993 994 995 997 997 


Insertion Reversed Time for 1000 outputs: 8.503296E8 nanoseconds

997 997 995 994 993 993 992 992 989 987 986 986 984 980 975 975 974 974 973 973 971 971 970 970 969 
967 967 965 965 964 961 961 960 960 960 959 959 958 958 957 957 956 956 956 956 954 953 952 952 952 
951 950 950 950 948 947 946 946 943 942 941 941 939 939 938 936 934 934 932 932 932 932 930 925 924 
922 922 920 920 920 920 920 918 918 918 916 916 915 915 914 914 912 912 910 909 906 902 901 901 899 
898 896 896 895 895 895 894 894 894 894 893 892 892 892 892 892 890 890 888 887 887 885 882 881 881 
879 878 877 875 875 874 874 873 873 872 869 869 868 865 865 864 863 862 861 861 861 860 860 859 858 
857 856 856 855 853 852 852 852 850 850 850 849 848 847 845 845 845 844 844 844 843 841 841 841 840 
838 837 834 833 833 832 831 830 828 826 825 825 821 820 819 819 818 816 812 811 811 808 807 806 806 
805 804 800 800 796 795 795 793 792 790 790 789 785 785 782 782 781 780 780 778 778 778 777 776 774 
773 771 770 768 766 763 763 762 761 761 760 760 759 758 757 755 754 754 754 753 752 751 750 750 749 
748 747 747 745 744 744 743 743 742 742 741 741 740 739 739 737 736 735 735 733 733 733 733 732 731 
729 728 727 727 727 727 727 725 724 723 723 720 719 719 716 713 712 712 711 709 708 707 707 707 707 
707 707 706 706 706 706 705 703 703 702 702 701 701 700 699 699 698 698 697 697 694 692 692 690 689 
689 689 688 688 687 686 685 684 682 680 680 678 678 677 675 674 671 670 670 670 669 667 666 664 664 
663 662 660 658 657 657 656 653 651 650 646 645 639 637 637 637 636 636 634 633 631 630 628 627 626 
626 626 625 624 623 621 620 618 616 616 616 615 615 614 613 612 612 612 612 611 611 611 610 609 607 
606 605 604 603 603 600 600 599 599 599 598 598 597 595 594 594 593 591 591 587 586 586 586 585 584 
583 581 581 580 579 579 578 578 576 576 575 573 573 572 572 571 570 568 567 567 566 566 566 565 564 
564 563 563 561 560 560 559 558 558 557 555 554 554 553 553 553 552 552 551 550 550 549 549 548 547 
545 544 544 541 538 532 530 528 528 527 526 526 525 525 524 524 523 522 521 521 519 518 517 515 515 
511 509 509 506 504 504 501 499 499 499 499 498 496 496 493 493 492 491 491 490 489 488 487 487 487 
486 486 486 484 483 480 480 480 477 477 476 476 474 474 473 473 472 470 470 470 467 466 465 463 463 
460 460 459 459 457 456 455 454 451 450 450 447 447 446 444 440 439 439 438 437 436 435 431 428 426 
426 425 424 422 421 421 419 418 418 418 418 417 416 415 414 413 412 411 411 408 407 406 404 403 402 
402 402 402 401 400 399 397 396 395 393 391 388 388 387 382 381 381 381 380 380 380 379 378 377 376 
376 374 373 372 372 371 371 368 366 366 365 364 363 362 362 360 360 358 358 357 351 351 351 350 350 
349 349 347 347 346 344 344 343 343 341 340 339 338 335 333 333 332 332 332 330 330 329 328 328 327 
327 327 326 324 324 324 323 323 322 322 322 322 321 321 321 321 320 320 320 319 316 316 316 316 315 
314 314 312 310 309 309 309 308 307 303 302 300 299 299 298 295 295 293 291 289 289 287 286 286 286 
285 283 279 279 279 278 278 278 277 277 276 273 272 272 272 271 270 269 269 268 268 267 267 262 262 
260 260 259 259 259 257 257 255 255 254 252 249 248 247 244 243 243 242 241 241 240 239 239 239 234 
233 232 231 229 229 229 228 228 225 225 225 225 220 220 219 219 218 218 217 216 215 215 215 214 213 
212 210 210 209 209 208 208 207 207 204 202 201 199 197 196 196 194 194 194 191 190 189 187 186 186 
183 182 182 182 181 179 178 177 177 176 175 173 173 170 168 167 165 163 162 162 161 160 160 160 160 
159 157 157 157 154 153 153 151 151 150 149 144 142 140 140 139 139 138 138 135 135 132 131 130 130 
128 126 125 125 125 124 123 122 119 117 116 116 116 115 115 115 114 112 111 110 109 108 108 107 106 
105 104 104 102 102 99 98 95 95 95 95 93 92 91 91 88 88 87 86 85 84 83 82 78 78 
77 77 77 76 76 75 73 70 65 64 62 60 58 57 56 55 54 54 53 53 52 52 52 51 51 
51 50 49 48 44 43 43 43 42 39 38 37 36 36 35 34 33 33 31 30 30 30 29 28 28 
28 26 26 23 23 23 21 19 19 17 16 15 14 14 14 13 12 12 8 7 5 5 4 1 0 


------------------

Original List for: 1500 outputs

1430 1188 1359 1462 1481 338 1183 937 704 1179 110 534 106 371 555 249 1057 1444 124 537 1067 521 1180 111 233 
1220 525 1413 1312 1406 1064 203 784 1302 630 425 593 465 772 798 1414 1166 1186 1321 1000 723 514 1103 1407 258 
11 724 885 133 939 819 495 1073 1182 702 1034 658 1157 275 519 794 1302 462 1098 27 920 1302 930 1475 93 
1458 693 907 1365 97 1440 4 931 611 2 1182 1146 801 262 1070 1272 564 1103 724 1354 621 475 1138 1257 836 
664 197 203 723 860 1470 32 441 345 60 955 585 1180 1292 1250 701 38 97 141 1445 1008 1416 931 862 77 
1129 734 467 1372 164 1354 1411 860 154 1444 203 1431 1243 841 591 1374 1473 604 881 515 952 90 1463 178 82 
477 567 550 10 656 540 1488 1092 766 1491 209 567 169 976 661 900 32 1263 553 1210 1233 979 606 332 1413 
547 336 583 85 244 673 465 154 471 72 751 1169 839 822 1230 1121 511 548 287 686 1438 723 28 883 716 
1004 32 1196 10 112 914 1454 689 1100 1125 225 1472 431 309 675 16 769 1025 23 851 1413 1299 1477 369 543 
1288 698 69 779 701 79 1016 989 199 414 567 1029 1366 390 1300 667 1354 1065 1224 697 595 785 612 1491 264 
534 298 448 694 1406 998 715 627 179 954 1259 1333 535 1360 931 301 211 963 255 354 498 1356 1377 467 628 
795 350 626 1191 990 716 1450 62 490 1243 996 1065 1450 1471 1254 670 985 785 629 1065 1384 1132 157 1420 804 
608 1279 1245 1414 962 1330 316 994 1354 1043 1061 1053 772 352 1496 1475 1379 65 485 725 69 1315 279 433 1325 
20 169 1144 498 1463 659 165 804 0 159 1300 821 1065 516 1068 86 710 1101 1030 429 1491 6 964 467 1236 
199 479 623 1141 542 1050 737 1227 1008 107 1122 31 541 427 501 115 1202 1266 1303 459 407 165 992 1171 508 
1325 1446 742 1397 69 1355 570 295 176 1242 1459 1147 336 1027 2 1358 723 800 278 899 564 441 361 480 90 
496 1248 1231 1394 690 925 521 1195 150 769 374 919 1483 1291 1064 1436 1250 1288 331 504 1070 493 726 147 655 
490 231 1260 511 581 117 1315 1116 436 155 322 300 12 74 510 1194 500 1159 1105 268 1426 1195 250 194 809 
1136 1166 1071 1163 40 658 877 1125 67 314 71 985 522 112 1314 888 1031 966 400 678 1399 1143 169 1375 1482 
584 1489 512 923 564 1152 847 1123 992 584 1256 498 477 1424 658 301 1374 1138 1182 1398 175 1083 1494 567 329 
748 953 413 401 941 83 1353 1167 911 1125 1396 1164 1038 883 1165 1361 1307 1134 93 9 369 1225 1415 1321 1119 
1239 918 1074 263 876 1350 1319 443 42 811 326 872 438 974 374 588 976 1315 940 1289 900 1484 78 156 1095 
795 1356 560 1374 1479 514 1038 573 913 915 574 509 1270 569 562 588 514 741 255 826 579 470 1338 1358 912 
1354 68 630 378 429 441 76 1216 859 860 733 731 1045 296 1080 1212 784 584 217 526 38 351 764 226 53 
298 154 6 562 112 75 1002 119 529 1129 1085 1118 100 592 367 938 658 867 765 1467 840 1112 1327 1462 88 
1464 726 1375 928 814 1194 1240 425 462 1161 275 647 1242 898 255 858 1361 82 916 312 332 1473 1181 859 1286 
1151 1059 78 416 25 781 1115 1158 590 1039 945 473 826 0 8 82 1398 856 1037 1372 835 1086 288 1002 1342 
7 1414 924 49 1072 1196 40 368 222 870 496 478 1425 801 1384 1294 646 996 958 1247 950 1278 1435 1256 837 
604 360 1150 32 315 993 196 759 128 183 708 407 1372 124 1051 779 741 1382 1220 846 1262 1164 294 337 967 
1365 1045 803 80 743 1346 1039 796 1279 1027 873 251 681 1019 618 312 1094 674 833 525 710 1290 1275 22 440 
952 267 485 712 10 399 557 953 327 117 26 1296 814 237 47 1461 253 772 691 657 893 385 926 1269 262 
596 361 1254 1092 905 773 1438 392 1102 1108 1483 307 1361 1042 175 174 745 655 589 1343 988 163 1238 992 627 
1240 427 744 926 684 991 92 1254 874 569 1332 293 1338 782 928 1306 1433 181 183 858 71 1495 657 1403 873 
1198 221 1063 299 529 305 4 1374 267 194 1496 1216 481 301 185 432 309 320 1476 122 934 567 498 205 978 
1003 1155 43 304 757 822 1090 739 1472 170 1487 567 1295 1021 505 731 382 1124 65 207 780 1331 905 152 1115 
1009 1000 1186 130 967 551 867 843 290 878 335 993 1236 979 1408 783 1118 892 1303 451 160 1276 800 384 229 
1179 656 678 793 379 477 653 25 692 356 8 494 69 634 523 1198 813 1352 286 552 339 1166 504 43 217 
618 1373 1382 321 299 371 1219 767 1361 427 1167 1247 276 50 707 347 730 1094 205 465 621 1464 1016 639 1006 
1163 1453 688 1331 638 1171 1198 1028 376 416 690 1287 1009 771 784 85 474 981 1289 885 1210 215 768 480 591 
1253 1032 655 408 399 712 1270 121 1173 88 1197 761 1336 1488 453 1393 132 803 152 685 1029 1326 98 600 1419 
137 181 429 938 1039 828 644 1078 229 1360 140 1216 72 11 1499 818 872 939 1325 338 734 204 7 183 758 
730 91 747 358 738 880 493 814 1414 247 1079 1072 948 1089 472 674 996 569 1237 868 279 898 669 900 193 
790 1260 440 18 415 792 929 737 935 1395 1103 1289 1383 262 362 438 36 335 144 1296 689 603 1053 1171 1133 
1465 1483 1208 54 398 540 783 256 1266 522 1490 892 1273 1454 1005 1241 161 477 852 1124 188 1311 792 688 813 
334 233 420 1134 203 1290 250 117 1045 990 1386 1298 1023 1318 51 221 1017 149 18 1141 1227 459 653 1360 108 
743 1403 254 673 1272 1003 557 474 991 1019 47 800 1076 522 1128 1118 1318 762 1003 890 1492 727 232 760 1099 
523 715 872 318 399 900 65 522 1178 999 1114 1398 1473 300 557 1458 558 1165 600 756 583 559 71 944 863 
893 921 39 69 259 1219 631 85 709 823 210 631 702 78 1048 1295 880 76 790 1098 1317 18 917 932 363 
1034 308 367 401 55 956 169 1230 8 606 507 1407 762 226 1388 945 886 511 721 765 514 370 1302 150 24 
221 1062 1437 817 717 601 1266 875 1395 1408 910 678 669 711 1113 1106 1225 290 132 522 112 1357 441 758 1277 
821 194 1126 1399 1156 1099 1154 1333 554 763 78 1430 406 103 1087 610 1152 491 957 1348 81 289 93 804 966 
76 602 156 175 243 523 164 195 36 792 1308 76 1232 646 540 72 515 414 383 915 1196 1450 223 117 1363 
1459 280 797 1472 1383 1467 1267 973 307 339 1047 836 61 349 1499 355 1395 565 931 449 775 733 585 826 884 
409 939 26 1484 980 1214 986 1320 886 564 1168 921 1011 958 1227 83 629 888 1156 1183 674 353 528 55 838 
381 454 455 1468 638 835 1324 795 823 277 1180 399 298 305 473 922 352 707 614 1059 1489 413 600 161 611 
1079 30 745 1341 734 1221 1094 345 526 1356 1225 693 1171 1163 602 1158 45 35 1086 1451 1452 1260 1383 65 831 
808 1446 657 1351 905 1212 1488 57 1342 765 1212 598 524 478 639 1483 203 641 931 1061 48 146 1069 1441 1353 
