------------------

Original List for: 10 outputs

7 2 4 4 9 9 0 3 1 9 

Quick Unsorted Time for 10 outputs: 43700.0 nanoseconds

0 1 2 3 4 4 7 9 9 9 

Quick Sorted Time for 10 outputs: 76600.0 nanoseconds

0 1 2 3 4 4 7 9 9 9 

Quick Reversed Time for 10 outputs: 22100.0 nanoseconds

9 9 9 7 4 4 3 2 1 0 

------------------

Original List for: 50 outputs

20 21 14 40 9 45 22 37 42 31 13 18 6 9 20 42 40 0 13 39 12 34 14 8 10 
39 10 35 33 38 49 41 10 2 44 37 26 24 18 14 29 21 13 17 19 16 2 36 15 24 


Quick Unsorted Time for 50 outputs: 182100.0 nanoseconds

0 2 2 6 8 9 9 10 10 10 12 13 13 13 14 14 14 15 16 17 18 18 19 20 20 
21 21 22 24 24 26 29 31 33 34 35 36 37 37 38 39 39 40 40 41 42 42 44 45 49 


Quick Sorted Time for 50 outputs: 541200.0 nanoseconds

0 2 2 6 8 9 9 10 10 10 12 13 13 13 14 14 14 15 16 17 18 18 19 20 20 
21 21 22 24 24 26 29 31 33 34 35 36 37 37 38 39 39 40 40 41 42 42 44 45 49 


Quick Reversed Time for 50 outputs: 237800.0 nanoseconds

49 45 44 42 42 41 40 40 39 39 38 37 37 36 35 34 33 31 29 26 24 24 22 21 21 
20 20 19 18 18 17 16 15 14 14 14 13 13 13 12 10 10 10 9 9 8 6 2 2 0 


------------------

Original List for: 100 outputs

52 73 53 6 41 62 98 3 62 73 46 84 84 4 1 71 55 49 35 90 38 50 64 46 56 
48 83 28 86 53 40 12 65 24 22 4 30 20 66 85 59 32 37 65 30 14 42 57 12 18 
95 81 46 82 22 39 56 56 53 5 0 48 43 40 47 64 78 74 99 98 86 31 80 30 60 
71 37 30 40 7 32 54 93 3 14 16 78 45 72 97 10 77 50 30 94 46 46 95 51 96 


Quick Unsorted Time for 100 outputs: 978100.0 nanoseconds

0 1 3 3 4 4 5 6 7 10 12 12 14 14 16 18 20 22 22 24 28 30 30 30 30 
30 31 32 32 35 37 37 38 39 40 40 40 41 42 43 45 46 46 46 46 46 47 48 48 49 
50 50 51 52 53 53 53 54 55 56 56 56 57 59 60 62 62 64 64 65 65 66 71 71 72 
73 73 74 77 78 78 80 81 82 83 84 84 85 86 86 90 93 94 95 95 96 97 98 98 99 


Quick Sorted Time for 100 outputs: 431600.0 nanoseconds

0 1 3 3 4 4 5 6 7 10 12 12 14 14 16 18 20 22 22 24 28 30 30 30 30 
30 31 32 32 35 37 37 38 39 40 40 40 41 42 43 45 46 46 46 46 46 47 48 48 49 
50 50 51 52 53 53 53 54 55 56 56 56 57 59 60 62 62 64 64 65 65 66 71 71 72 
73 73 74 77 78 78 80 81 82 83 84 84 85 86 86 90 93 94 95 95 96 97 98 98 99 


Quick Reversed Time for 100 outputs: 518000.0 nanoseconds

99 98 98 97 96 95 95 94 93 90 86 86 85 84 84 83 82 81 80 78 78 77 74 73 73 
72 71 71 66 65 65 64 64 62 62 60 59 57 56 56 56 55 54 53 53 53 52 51 50 50 
49 48 48 47 46 46 46 46 46 45 43 42 41 40 40 40 39 38 37 37 35 32 32 31 30 
30 30 30 30 28 24 22 22 20 18 16 14 14 12 12 10 7 6 5 4 4 3 3 1 0 


------------------

Original List for: 150 outputs

14 4 127 118 78 29 116 62 21 89 34 115 120 99 23 19 53 43 63 30 118 141 104 95 64 
59 3 37 133 35 115 92 100 121 2 21 59 77 131 43 20 136 87 128 93 48 140 83 94 140 
33 16 37 54 127 53 70 138 108 99 105 17 105 117 138 127 123 44 55 44 24 107 64 144 1 
97 148 87 38 77 67 98 44 118 63 119 80 149 112 81 18 148 119 111 29 9 90 109 129 140 
81 11 135 87 119 143 146 40 22 67 39 79 119 48 65 4 140 10 7 108 24 138 92 60 135 
65 99 70 103 80 19 93 126 22 64 43 75 42 118 52 93 32 142 93 29 58 57 108 33 108 


Quick Unsorted Time for 150 outputs: 753200.0 nanoseconds

1 2 3 4 4 7 9 10 11 14 16 17 18 19 19 20 21 21 22 22 23 24 24 29 29 
29 30 32 33 33 34 35 37 37 38 39 40 42 43 43 43 44 44 44 48 48 52 53 53 54 
55 57 58 59 59 60 62 63 63 64 64 64 65 65 67 67 70 70 75 77 77 78 79 80 80 
81 81 83 87 87 87 89 90 92 92 93 93 93 93 94 95 97 98 99 99 99 100 103 104 105 
105 107 108 108 108 108 109 111 112 115 115 116 117 118 118 118 118 119 119 119 119 120 121 123 126 
127 127 127 128 129 131 133 135 135 136 138 138 138 140 140 140 140 141 142 143 144 146 148 148 149 


Quick Sorted Time for 150 outputs: 414400.0 nanoseconds

1 2 3 4 4 7 9 10 11 14 16 17 18 19 19 20 21 21 22 22 23 24 24 29 29 
29 30 32 33 33 34 35 37 37 38 39 40 42 43 43 43 44 44 44 48 48 52 53 53 54 
55 57 58 59 59 60 62 63 63 64 64 64 65 65 67 67 70 70 75 77 77 78 79 80 80 
81 81 83 87 87 87 89 90 92 92 93 93 93 93 94 95 97 98 99 99 99 100 103 104 105 
105 107 108 108 108 108 109 111 112 115 115 116 117 118 118 118 118 119 119 119 119 120 121 123 126 
127 127 127 128 129 131 133 135 135 136 138 138 138 140 140 140 140 141 142 143 144 146 148 148 149 


Quick Reversed Time for 150 outputs: 514200.0 nanoseconds

149 148 148 146 144 143 142 141 140 140 140 140 138 138 138 136 135 135 133 131 129 128 127 127 127 
126 123 121 120 119 119 119 119 118 118 118 118 117 116 115 115 112 111 109 108 108 108 108 107 105 
105 104 103 100 99 99 99 98 97 95 94 93 93 93 93 92 92 90 89 87 87 87 83 81 81 
80 80 79 78 77 77 75 70 70 67 67 65 65 64 64 64 63 63 62 60 59 59 58 57 55 
54 53 53 52 48 48 44 44 44 43 43 43 42 40 39 38 37 37 35 34 33 33 32 30 29 
29 29 24 24 23 22 22 21 21 20 19 19 18 17 16 14 11 10 9 7 4 4 3 2 1 


------------------

Original List for: 300 outputs

166 138 244 55 194 65 227 51 126 237 159 91 11 282 135 87 88 229 125 230 124 288 124 130 103 
122 83 29 103 196 143 138 187 277 258 282 232 20 80 77 21 100 248 36 165 118 12 130 257 115 
174 200 27 76 253 74 281 75 212 172 191 270 111 185 204 196 153 8 49 181 207 285 220 24 29 
30 172 96 90 15 278 238 110 199 220 215 117 146 26 134 16 109 149 262 284 178 71 189 211 249 
66 220 209 82 59 271 172 88 147 297 297 111 156 251 124 176 225 194 236 7 268 67 43 281 134 
190 271 63 162 50 281 138 146 172 157 106 265 179 28 151 110 29 298 107 275 253 172 134 256 209 
201 126 208 282 57 172 20 98 251 37 291 114 20 126 117 298 205 223 23 75 89 78 113 272 37 
197 159 268 273 225 12 143 16 90 165 19 250 124 106 127 226 72 182 173 62 101 291 18 129 299 
289 203 135 2 193 125 93 222 204 208 245 282 30 237 63 218 257 215 106 152 97 173 272 252 13 
139 220 248 61 103 262 212 167 7 50 17 37 256 111 185 273 29 83 208 285 134 271 258 46 80 
157 57 223 292 2 201 26 216 107 226 42 254 131 199 109 235 230 194 18 43 66 172 68 128 223 
163 225 272 26 45 137 0 283 33 187 275 155 218 242 205 185 272 182 74 253 228 274 83 131 298 


Quick Unsorted Time for 300 outputs: 2887400.0 nanoseconds

0 2 2 7 7 8 11 12 12 13 15 16 16 17 18 18 19 20 20 20 21 23 24 26 26 
26 27 28 29 29 29 29 30 30 33 36 37 37 37 42 43 43 45 46 49 50 50 51 55 57 
57 59 61 62 63 63 65 66 66 67 68 71 72 74 74 75 75 76 77 78 80 80 82 83 83 
83 87 88 88 89 90 90 91 93 96 97 98 100 101 103 103 103 106 106 106 107 107 109 109 110 
110 111 111 111 113 114 115 117 117 118 122 124 124 124 124 125 125 126 126 126 127 128 129 130 130 
131 131 134 134 134 134 135 135 137 138 138 138 139 143 143 146 146 147 149 151 152 153 155 156 157 
157 159 159 162 163 165 165 166 167 172 172 172 172 172 172 172 173 173 174 176 178 179 181 182 182 
185 185 185 187 187 189 190 191 193 194 194 194 196 196 197 199 199 200 201 201 203 204 204 205 205 
207 208 208 208 209 209 211 212 212 215 215 216 218 218 220 220 220 220 222 223 223 223 225 225 225 
226 226 227 228 229 230 230 232 235 236 237 237 238 242 244 245 248 248 249 250 251 251 252 253 253 
253 254 256 256 257 257 258 258 262 262 265 268 268 270 271 271 271 272 272 272 272 273 273 274 275 
275 277 278 281 281 281 282 282 282 282 283 284 285 285 288 289 291 291 292 297 297 298 298 298 299 


Quick Sorted Time for 300 outputs: 3245400.0 nanoseconds

0 2 2 7 7 8 11 12 12 13 15 16 16 17 18 18 19 20 20 20 21 23 24 26 26 
26 27 28 29 29 29 29 30 30 33 36 37 37 37 42 43 43 45 46 49 50 50 51 55 57 
57 59 61 62 63 63 65 66 66 67 68 71 72 74 74 75 75 76 77 78 80 80 82 83 83 
83 87 88 88 89 90 90 91 93 96 97 98 100 101 103 103 103 106 106 106 107 107 109 109 110 
110 111 111 111 113 114 115 117 117 118 122 124 124 124 124 125 125 126 126 126 127 128 129 130 130 
131 131 134 134 134 134 135 135 137 138 138 138 139 143 143 146 146 147 149 151 152 153 155 156 157 
157 159 159 162 163 165 165 166 167 172 172 172 172 172 172 172 173 173 174 176 178 179 181 182 182 
185 185 185 187 187 189 190 191 193 194 194 194 196 196 197 199 199 200 201 201 203 204 204 205 205 
207 208 208 208 209 209 211 212 212 215 215 216 218 218 220 220 220 220 222 223 223 223 225 225 225 
226 226 227 228 229 230 230 232 235 236 237 237 238 242 244 245 248 248 249 250 251 251 252 253 253 
253 254 256 256 257 257 258 258 262 262 265 268 268 270 271 271 271 272 272 272 272 273 273 274 275 
275 277 278 281 281 281 282 282 282 282 283 284 285 285 288 289 291 291 292 297 297 298 298 298 299 


Quick Reversed Time for 300 outputs: 1555700.0 nanoseconds

299 298 298 298 297 297 292 291 291 289 288 285 285 284 283 282 282 282 282 281 281 281 278 277 275 
275 274 273 273 272 272 272 272 271 271 271 270 268 268 265 262 262 258 258 257 257 256 256 254 253 
253 253 252 251 251 250 249 248 248 245 244 242 238 237 237 236 235 232 230 230 229 228 227 226 226 
225 225 225 223 223 223 222 220 220 220 220 218 218 216 215 215 212 212 211 209 209 208 208 208 207 
205 205 204 204 203 201 201 200 199 199 197 196 196 194 194 194 193 191 190 189 187 187 185 185 185 
182 182 181 179 178 176 174 173 173 172 172 172 172 172 172 172 167 166 165 165 163 162 159 159 157 
157 156 155 153 152 151 149 147 146 146 143 143 139 138 138 138 137 135 135 134 134 134 134 131 131 
130 130 129 128 127 126 126 126 125 125 124 124 124 124 122 118 117 117 115 114 113 111 111 111 110 
110 109 109 107 107 106 106 106 103 103 103 101 100 98 97 96 93 91 90 90 89 88 88 87 83 
83 83 82 80 80 78 77 76 75 75 74 74 72 71 68 67 66 66 65 63 63 62 61 59 57 
57 55 51 50 50 49 46 45 43 43 42 37 37 37 36 33 30 30 29 29 29 29 28 27 26 
26 26 24 23 21 20 20 20 19 18 18 17 16 16 15 13 12 12 11 8 7 7 2 2 0 


------------------

Original List for: 500 outputs

234 156 267 38 458 71 497 20 218 21 116 237 354 218 460 188 221 283 104 157 197 393 256 61 177 
381 340 399 140 72 481 156 335 228 345 354 194 232 485 106 137 145 337 312 348 418 400 168 458 240 
405 368 303 3 94 386 304 172 147 496 44 49 293 373 189 14 437 274 375 494 283 74 341 13 307 
188 277 61 247 220 484 89 281 29 55 149 453 470 90 74 86 491 473 237 149 339 38 11 138 364 
396 13 95 239 14 457 173 371 403 241 497 57 370 471 41 282 458 34 99 157 432 489 295 363 126 
14 78 397 400 183 357 189 2 109 81 410 284 245 405 2 135 136 343 313 237 193 48 424 384 407 
370 164 176 30 47 78 378 416 56 92 406 357 245 118 181 6 213 250 308 0 275 401 372 197 335 
28 483 437 334 492 73 426 416 362 108 356 388 50 166 37 247 35 36 314 371 137 353 53 320 299 
33 299 4 108 440 331 10 357 463 152 381 104 357 165 3 412 299 49 402 5 442 254 24 403 327 
130 323 339 141 40 308 498 79 189 315 55 445 57 205 396 417 133 110 257 7 27 170 65 122 222 
360 149 170 496 217 235 302 304 256 412 366 357 42 274 447 147 373 454 352 464 366 350 366 238 224 
350 236 263 73 245 311 346 347 147 153 426 207 291 157 313 318 448 340 91 194 412 136 365 458 56 
93 105 206 278 184 292 448 353 4 391 7 281 44 39 166 355 220 236 299 44 168 93 314 462 107 
150 396 115 298 66 5 131 4 65 110 392 209 230 257 477 275 19 146 208 437 74 282 261 367 498 
263 373 316 167 264 232 23 355 129 163 5 303 106 69 112 334 176 265 225 417 465 82 100 257 69 
7 220 266 22 41 18 68 229 215 168 248 275 192 427 488 239 101 402 484 283 488 494 322 466 104 
310 177 112 463 280 159 360 221 271 104 95 151 153 219 403 189 184 164 36 452 28 471 367 496 100 
437 29 182 258 128 138 274 354 326 391 109 407 495 479 30 109 84 497 55 31 245 123 403 393 146 
302 458 42 287 242 177 239 389 210 372 40 192 34 142 145 327 281 193 393 431 70 59 491 317 379 
137 249 120 439 478 114 263 118 447 29 179 82 319 272 392 98 42 407 359 408 81 441 5 327 417 


Quick Unsorted Time for 500 outputs: 6296200.0 nanoseconds

0 2 2 3 3 4 4 4 5 5 5 5 6 7 7 7 10 11 13 13 14 14 14 18 19 
20 21 22 23 24 27 28 28 29 29 29 30 30 31 33 34 34 35 36 36 37 38 38 39 40 
40 41 41 42 42 42 44 44 44 47 48 49 49 50 53 55 55 55 56 56 57 57 59 61 61 
65 65 66 68 69 69 70 71 72 73 73 74 74 74 78 78 79 81 81 82 82 84 86 89 90 
91 92 93 93 94 95 95 98 99 100 100 101 104 104 104 104 105 106 106 107 108 108 109 109 109 
110 110 112 112 114 115 116 118 118 120 122 123 126 128 129 130 131 133 135 136 136 137 137 137 138 
138 140 141 142 145 145 146 146 147 147 147 149 149 149 150 151 152 153 153 156 156 157 157 157 159 
163 164 164 165 166 166 167 168 168 168 170 170 172 173 176 176 177 177 177 179 181 182 183 184 184 
188 188 189 189 189 189 192 192 193 193 194 194 197 197 205 206 207 208 209 210 213 215 217 218 218 
219 220 220 220 221 221 222 224 225 228 229 230 232 232 234 235 236 236 237 237 237 238 239 239 239 
240 241 242 245 245 245 245 247 247 248 249 250 254 256 256 257 257 257 258 261 263 263 263 264 265 
266 267 271 272 274 274 274 275 275 275 277 278 280 281 281 281 282 282 283 283 283 284 287 291 292 
293 295 298 299 299 299 299 302 302 303 303 304 304 307 308 308 310 311 312 313 313 314 314 315 316 
317 318 319 320 322 323 326 327 327 327 331 334 334 335 335 337 339 339 340 340 341 343 345 346 347 
348 350 350 352 353 353 354 354 354 355 355 356 357 357 357 357 357 359 360 360 362 363 364 365 366 
366 366 367 367 368 370 370 371 371 372 372 373 373 373 375 378 379 381 381 384 386 388 389 391 391 
392 392 393 393 393 396 396 396 397 399 400 400 401 402 402 403 403 403 403 405 405 406 407 407 407 
408 410 412 412 412 416 416 417 417 417 418 424 426 426 427 431 432 437 437 437 437 439 440 441 442 
445 447 447 448 448 452 453 454 457 458 458 458 458 458 460 462 463 463 464 465 466 470 471 471 473 
477 478 479 481 483 484 484 485 488 488 489 491 491 492 494 494 495 496 496 496 497 497 497 498 498 


Quick Sorted Time for 500 outputs: 7027200.0 nanoseconds

0 2 2 3 3 4 4 4 5 5 5 5 6 7 7 7 10 11 13 13 14 14 14 18 19 
20 21 22 23 24 27 28 28 29 29 29 30 30 31 33 34 34 35 36 36 37 38 38 39 40 
40 41 41 42 42 42 44 44 44 47 48 49 49 50 53 55 55 55 56 56 57 57 59 61 61 
65 65 66 68 69 69 70 71 72 73 73 74 74 74 78 78 79 81 81 82 82 84 86 89 90 
91 92 93 93 94 95 95 98 99 100 100 101 104 104 104 104 105 106 106 107 108 108 109 109 109 
110 110 112 112 114 115 116 118 118 120 122 123 126 128 129 130 131 133 135 136 136 137 137 137 138 
138 140 141 142 145 145 146 146 147 147 147 149 149 149 150 151 152 153 153 156 156 157 157 157 159 
163 164 164 165 166 166 167 168 168 168 170 170 172 173 176 176 177 177 177 179 181 182 183 184 184 
188 188 189 189 189 189 192 192 193 193 194 194 197 197 205 206 207 208 209 210 213 215 217 218 218 
219 220 220 220 221 221 222 224 225 228 229 230 232 232 234 235 236 236 237 237 237 238 239 239 239 
240 241 242 245 245 245 245 247 247 248 249 250 254 256 256 257 257 257 258 261 263 263 263 264 265 
266 267 271 272 274 274 274 275 275 275 277 278 280 281 281 281 282 282 283 283 283 284 287 291 292 
293 295 298 299 299 299 299 302 302 303 303 304 304 307 308 308 310 311 312 313 313 314 314 315 316 
317 318 319 320 322 323 326 327 327 327 331 334 334 335 335 337 339 339 340 340 341 343 345 346 347 
348 350 350 352 353 353 354 354 354 355 355 356 357 357 357 357 357 359 360 360 362 363 364 365 366 
366 366 367 367 368 370 370 371 371 372 372 373 373 373 375 378 379 381 381 384 386 388 389 391 391 
392 392 393 393 393 396 396 396 397 399 400 400 401 402 402 403 403 403 403 405 405 406 407 407 407 
408 410 412 412 412 416 416 417 417 417 418 424 426 426 427 431 432 437 437 437 437 439 440 441 442 
445 447 447 448 448 452 453 454 457 458 458 458 458 458 460 462 463 463 464 465 466 470 471 471 473 
477 478 479 481 483 484 484 485 488 488 489 491 491 492 494 494 495 496 496 496 497 497 497 498 498 


Quick Reversed Time for 500 outputs: 4054000.0 nanoseconds

498 498 497 497 497 496 496 496 495 494 494 492 491 491 489 488 488 485 484 484 483 481 479 478 477 
473 471 471 470 466 465 464 463 463 462 460 458 458 458 458 458 457 454 453 452 448 448 447 447 445 
442 441 440 439 437 437 437 437 432 431 427 426 426 424 418 417 417 417 416 416 412 412 412 410 408 
407 407 407 406 405 405 403 403 403 403 402 402 401 400 400 399 397 396 396 396 393 393 393 392 392 
391 391 389 388 386 384 381 381 379 378 375 373 373 373 372 372 371 371 370 370 368 367 367 366 366 
366 365 364 363 362 360 360 359 357 357 357 357 357 356 355 355 354 354 354 353 353 352 350 350 348 
347 346 345 343 341 340 340 339 339 337 335 335 334 334 331 327 327 327 326 323 322 320 319 318 317 
316 315 314 314 313 313 312 311 310 308 308 307 304 304 303 303 302 302 299 299 299 299 298 295 293 
292 291 287 284 283 283 283 282 282 281 281 281 280 278 277 275 275 275 274 274 274 272 271 267 266 
265 264 263 263 263 261 258 257 257 257 256 256 254 250 249 248 247 247 245 245 245 245 242 241 240 
239 239 239 238 237 237 237 236 236 235 234 232 232 230 229 228 225 224 222 221 221 220 220 220 219 
218 218 217 215 213 210 209 208 207 206 205 197 197 194 194 193 193 192 192 189 189 189 189 188 188 
184 184 183 182 181 179 177 177 177 176 176 173 172 170 170 168 168 168 167 166 166 165 164 164 163 
159 157 157 157 156 156 153 153 152 151 150 149 149 149 147 147 147 146 146 145 145 142 141 140 138 
138 137 137 137 136 136 135 133 131 130 129 128 126 123 122 120 118 118 116 115 114 112 112 110 110 
109 109 109 108 108 107 106 106 105 104 104 104 104 101 100 100 99 98 95 95 94 93 93 92 91 
90 89 86 84 82 82 81 81 79 78 78 74 74 74 73 73 72 71 70 69 69 68 66 65 65 
61 61 59 57 57 56 56 55 55 55 53 50 49 49 48 47 44 44 44 42 42 42 41 41 40 
40 39 38 38 37 36 36 35 34 34 33 31 30 30 29 29 29 28 28 27 24 23 22 21 20 
19 18 14 14 14 13 13 11 10 7 7 7 6 5 5 5 5 4 4 4 3 3 2 2 0 


------------------

Original List for: 1000 outputs

30 614 488 579 971 664 477 932 447 879 33 41 871 358 475 992 316 829 377 674 114 480 496 272 89 
71 906 977 424 63 361 270 625 12 303 99 175 617 536 954 181 478 719 445 0 285 94 511 268 665 
153 319 485 835 273 18 332 226 574 605 473 830 294 372 23 946 386 402 979 819 496 853 558 201 635 
213 242 178 422 609 809 469 848 949 689 513 160 940 588 267 842 350 972 198 522 79 164 938 421 268 
841 395 472 898 335 685 792 5 824 249 32 114 919 479 0 825 363 32 722 362 71 30 721 67 446 
842 66 35 804 506 485 294 463 893 612 494 684 548 793 202 198 567 31 181 146 569 399 134 86 890 
147 744 687 663 766 21 274 287 434 220 90 300 708 59 440 964 930 939 457 532 108 319 897 536 744 
216 997 377 903 41 982 75 390 785 442 242 231 650 276 897 997 965 707 470 831 208 225 29 915 454 
530 592 740 841 596 920 998 206 885 770 774 4 480 801 903 931 826 811 767 45 137 563 112 300 651 
947 354 64 716 252 245 850 50 964 125 123 819 290 14 114 302 456 567 342 39 718 123 912 27 751 
154 131 251 970 878 907 390 360 985 400 639 796 988 525 894 668 963 881 866 683 420 450 308 368 646 
648 375 254 669 749 907 161 508 759 656 258 868 640 656 39 264 514 85 466 123 746 898 92 33 232 
958 902 867 72 899 812 854 576 20 63 827 974 12 461 456 662 972 614 85 717 212 782 908 157 587 
74 271 261 890 665 245 427 546 328 15 401 870 290 805 10 491 251 30 831 715 935 516 619 649 211 
78 943 719 647 679 530 964 503 860 385 89 957 18 199 786 557 821 697 82 965 382 297 847 190 820 
532 812 155 827 834 773 309 210 666 405 792 94 440 756 910 964 100 829 174 844 927 827 121 841 388 
459 913 157 585 100 221 377 545 115 981 865 416 755 279 862 530 242 524 246 40 63 787 590 232 64 
775 831 992 424 223 894 990 740 730 726 623 718 764 704 50 211 274 866 528 48 686 198 603 338 223 
809 616 930 529 564 170 374 724 999 76 853 203 745 203 323 508 844 142 34 87 342 555 994 532 930 
295 991 414 973 73 424 470 468 611 8 557 986 478 109 985 168 474 206 723 973 7 442 171 949 58 
931 777 598 495 226 305 189 912 140 594 39 79 153 811 932 686 413 10 477 648 199 643 582 283 392 
489 495 693 558 180 68 184 958 575 85 292 175 116 303 383 619 543 1 763 9 444 659 436 101 941 
737 444 938 156 13 262 54 370 994 379 971 2 525 828 253 796 534 36 175 329 261 649 840 16 327 
40 564 292 127 490 957 770 905 270 312 58 546 860 364 977 819 267 452 544 276 552 198 694 438 693 
356 901 673 393 584 123 444 169 645 591 506 43 768 605 121 722 709 264 599 27 862 339 789 43 238 
357 389 107 804 774 872 465 611 346 616 892 462 849 292 715 313 169 50 403 251 177 462 924 183 50 
225 198 337 468 5 957 206 138 916 470 492 227 185 845 80 782 614 133 559 953 28 875 636 638 554 
455 440 51 852 639 24 124 164 882 696 887 142 46 349 20 94 703 73 415 460 421 863 940 519 200 
101 349 776 491 90 930 453 482 77 150 998 633 605 122 780 194 879 649 765 746 450 920 101 802 231 
143 678 605 203 495 592 114 550 794 363 272 182 42 593 672 525 503 529 988 530 497 502 803 355 310 
758 45 336 728 334 297 506 270 875 289 898 374 715 766 294 84 34 974 574 881 568 870 573 546 336 
678 699 180 268 600 175 745 956 163 738 506 237 682 198 449 182 661 694 882 573 297 775 62 680 265 
364 859 616 64 175 867 712 961 35 342 187 541 95 871 195 288 45 809 518 705 408 932 219 948 988 
192 203 158 751 148 994 796 173 996 332 825 617 989 564 458 479 469 552 215 960 668 24 784 588 553 
406 361 587 483 775 324 271 229 263 690 385 972 307 885 444 120 88 373 727 949 553 757 587 45 949 
225 316 643 15 695 997 422 231 942 116 193 78 143 341 435 575 663 546 408 832 343 135 523 944 648 
211 726 66 622 803 88 960 768 961 249 203 888 210 813 574 189 502 347 763 179 88 8 837 340 516 
653 700 285 736 122 719 823 587 245 876 345 875 603 723 743 459 906 777 145 913 376 624 553 549 116 
83 410 405 711 206 618 557 478 404 781 220 663 915 542 338 46 467 569 758 395 908 634 252 161 780 
956 907 637 151 47 205 617 457 289 79 340 999 872 304 872 628 417 431 736 919 416 909 876 802 428 


Quick Unsorted Time for 1000 outputs: 2.1512E7 nanoseconds

0 0 1 2 4 5 5 7 8 8 9 10 10 12 12 13 14 15 15 16 18 18 20 20 21 
23 24 24 27 27 28 29 30 30 30 31 32 32 33 33 34 34 35 35 36 39 39 39 40 40 
41 41 42 43 43 45 45 45 45 46 46 47 48 50 50 50 50 51 54 58 58 59 62 63 63 
63 64 64 64 66 66 67 68 71 71 72 73 73 74 75 76 77 78 78 79 79 79 80 82 83 
84 85 85 85 86 87 88 88 88 89 89 90 90 92 94 94 94 95 99 100 100 101 101 101 107 
108 109 112 114 114 114 114 115 116 116 116 120 121 121 122 122 123 123 123 123 124 125 127 131 133 
134 135 137 138 140 142 142 143 143 145 146 147 148 150 151 153 153 154 155 156 157 157 158 160 161 
161 163 164 164 168 169 169 170 171 173 174 175 175 175 175 175 177 178 179 180 180 181 181 182 182 
183 184 185 187 189 189 190 192 193 194 195 198 198 198 198 198 198 199 199 200 201 202 203 203 203 
203 203 205 206 206 206 206 208 210 210 211 211 211 212 213 215 216 219 220 220 221 223 223 225 225 
225 226 226 227 229 231 231 231 232 232 237 238 242 242 242 245 245 245 246 249 249 251 251 251 252 
252 253 254 258 261 261 262 263 264 264 265 267 267 268 268 268 270 270 270 271 271 272 272 273 274 
274 276 276 279 283 285 285 287 288 289 289 290 290 292 292 292 294 294 294 295 297 297 297 300 300 
302 303 303 304 305 307 308 309 310 312 313 316 316 319 319 323 324 327 328 329 332 332 334 335 336 
336 337 338 338 339 340 340 341 342 342 342 343 345 346 347 349 349 350 354 355 356 357 358 360 361 
361 362 363 363 364 364 368 370 372 373 374 374 375 376 377 377 377 379 382 383 385 385 386 388 389 
390 390 392 393 395 395 399 400 401 402 403 404 405 405 406 408 408 410 413 414 415 416 416 417 420 
421 421 422 422 424 424 424 427 428 431 434 435 436 438 440 440 440 442 442 444 444 444 444 445 446 
447 449 450 450 452 453 454 455 456 456 457 457 458 459 459 460 461 462 462 463 465 466 467 468 468 
469 469 470 470 470 472 473 474 475 477 477 478 478 478 479 479 480 480 482 483 485 485 488 489 490 
491 491 492 494 495 495 495 496 496 497 502 502 503 503 506 506 506 506 508 508 511 513 514 516 516 
518 519 522 523 524 525 525 525 528 529 529 530 530 530 530 532 532 532 534 536 536 541 542 543 544 
545 546 546 546 546 548 549 550 552 552 553 553 553 554 555 557 557 557 558 558 559 563 564 564 564 
567 567 568 569 569 573 573 574 574 574 575 575 576 579 582 584 585 587 587 587 587 588 588 590 591 
592 592 593 594 596 598 599 600 603 603 605 605 605 605 609 611 611 612 614 614 614 616 616 616 617 
617 617 618 619 619 622 623 624 625 628 633 634 635 636 637 638 639 639 640 643 643 645 646 647 648 
648 648 649 649 649 650 651 653 656 656 659 661 662 663 663 663 664 665 665 666 668 668 669 672 673 
674 678 678 679 680 682 683 684 685 686 686 687 689 690 693 693 694 694 695 696 697 699 700 703 704 
705 707 708 709 711 712 715 715 715 716 717 718 718 719 719 719 721 722 722 723 723 724 726 726 727 
728 730 736 736 737 738 740 740 743 744 744 745 745 746 746 749 751 751 755 756 757 758 758 759 763 
763 764 765 766 766 767 768 768 770 770 773 774 774 775 775 775 776 777 777 780 780 781 782 782 784 
785 786 787 789 792 792 793 794 796 796 796 801 802 802 803 803 804 804 805 809 809 809 811 811 812 
812 813 819 819 819 820 821 823 824 825 825 826 827 827 827 828 829 829 830 831 831 831 832 834 835 
837 840 841 841 841 842 842 844 844 845 847 848 849 850 852 853 853 854 859 860 860 862 862 863 865 
866 866 867 867 868 870 870 871 871 872 872 872 875 875 875 876 876 878 879 879 881 881 882 882 885 
885 887 888 890 890 892 893 894 894 897 897 898 898 898 899 901 902 903 903 905 906 906 907 907 907 
908 908 909 910 912 912 913 913 915 915 916 919 919 920 920 924 927 930 930 930 930 931 931 932 932 
932 935 938 938 939 940 940 941 942 943 944 946 947 948 949 949 949 949 953 954 956 956 957 957 957 
958 958 960 960 961 961 963 964 964 964 964 965 965 970 971 971 972 972 972 973 973 974 974 977 977 
979 981 982 985 985 986 988 988 988 989 990 991 992 992 994 994 994 996 997 997 997 998 998 999 999 


Quick Sorted Time for 1000 outputs: 1.66817E7 nanoseconds

0 0 1 2 4 5 5 7 8 8 9 10 10 12 12 13 14 15 15 16 18 18 20 20 21 
23 24 24 27 27 28 29 30 30 30 31 32 32 33 33 34 34 35 35 36 39 39 39 40 40 
41 41 42 43 43 45 45 45 45 46 46 47 48 50 50 50 50 51 54 58 58 59 62 63 63 
63 64 64 64 66 66 67 68 71 71 72 73 73 74 75 76 77 78 78 79 79 79 80 82 83 
84 85 85 85 86 87 88 88 88 89 89 90 90 92 94 94 94 95 99 100 100 101 101 101 107 
108 109 112 114 114 114 114 115 116 116 116 120 121 121 122 122 123 123 123 123 124 125 127 131 133 
134 135 137 138 140 142 142 143 143 145 146 147 148 150 151 153 153 154 155 156 157 157 158 160 161 
161 163 164 164 168 169 169 170 171 173 174 175 175 175 175 175 177 178 179 180 180 181 181 182 182 
183 184 185 187 189 189 190 192 193 194 195 198 198 198 198 198 198 199 199 200 201 202 203 203 203 
203 203 205 206 206 206 206 208 210 210 211 211 211 212 213 215 216 219 220 220 221 223 223 225 225 
225 226 226 227 229 231 231 231 232 232 237 238 242 242 242 245 245 245 246 249 249 251 251 251 252 
252 253 254 258 261 261 262 263 264 264 265 267 267 268 268 268 270 270 270 271 271 272 272 273 274 
274 276 276 279 283 285 285 287 288 289 289 290 290 292 292 292 294 294 294 295 297 297 297 300 300 
302 303 303 304 305 307 308 309 310 312 313 316 316 319 319 323 324 327 328 329 332 332 334 335 336 
336 337 338 338 339 340 340 341 342 342 342 343 345 346 347 349 349 350 354 355 356 357 358 360 361 
361 362 363 363 364 364 368 370 372 373 374 374 375 376 377 377 377 379 382 383 385 385 386 388 389 
390 390 392 393 395 395 399 400 401 402 403 404 405 405 406 408 408 410 413 414 415 416 416 417 420 
421 421 422 422 424 424 424 427 428 431 434 435 436 438 440 440 440 442 442 444 444 444 444 445 446 
447 449 450 450 452 453 454 455 456 456 457 457 458 459 459 460 461 462 462 463 465 466 467 468 468 
469 469 470 470 470 472 473 474 475 477 477 478 478 478 479 479 480 480 482 483 485 485 488 489 490 
491 491 492 494 495 495 495 496 496 497 502 502 503 503 506 506 506 506 508 508 511 513 514 516 516 
518 519 522 523 524 525 525 525 528 529 529 530 530 530 530 532 532 532 534 536 536 541 542 543 544 
545 546 546 546 546 548 549 550 552 552 553 553 553 554 555 557 557 557 558 558 559 563 564 564 564 
567 567 568 569 569 573 573 574 574 574 575 575 576 579 582 584 585 587 587 587 587 588 588 590 591 
592 592 593 594 596 598 599 600 603 603 605 605 605 605 609 611 611 612 614 614 614 616 616 616 617 
617 617 618 619 619 622 623 624 625 628 633 634 635 636 637 638 639 639 640 643 643 645 646 647 648 
648 648 649 649 649 650 651 653 656 656 659 661 662 663 663 663 664 665 665 666 668 668 669 672 673 
674 678 678 679 680 682 683 684 685 686 686 687 689 690 693 693 694 694 695 696 697 699 700 703 704 
705 707 708 709 711 712 715 715 715 716 717 718 718 719 719 719 721 722 722 723 723 724 726 726 727 
728 730 736 736 737 738 740 740 743 744 744 745 745 746 746 749 751 751 755 756 757 758 758 759 763 
763 764 765 766 766 767 768 768 770 770 773 774 774 775 775 775 776 777 777 780 780 781 782 782 784 
785 786 787 789 792 792 793 794 796 796 796 801 802 802 803 803 804 804 805 809 809 809 811 811 812 
812 813 819 819 819 820 821 823 824 825 825 826 827 827 827 828 829 829 830 831 831 831 832 834 835 
837 840 841 841 841 842 842 844 844 845 847 848 849 850 852 853 853 854 859 860 860 862 862 863 865 
866 866 867 867 868 870 870 871 871 872 872 872 875 875 875 876 876 878 879 879 881 881 882 882 885 
885 887 888 890 890 892 893 894 894 897 897 898 898 898 899 901 902 903 903 905 906 906 907 907 907 
908 908 909 910 912 912 913 913 915 915 916 919 919 920 920 924 927 930 930 930 930 931 931 932 932 
932 935 938 938 939 940 940 941 942 943 944 946 947 948 949 949 949 949 953 954 956 956 957 957 957 
958 958 960 960 961 961 963 964 964 964 964 965 965 970 971 971 972 972 972 973 973 974 974 977 977 
979 981 982 985 985 986 988 988 988 989 990 991 992 992 994 994 994 996 997 997 997 998 998 999 999 


Quick Reversed Time for 1000 outputs: 1.76504E7 nanoseconds

999 999 998 998 997 997 997 996 994 994 994 992 992 991 990 989 988 988 988 986 985 985 982 981 979 
977 977 974 974 973 973 972 972 972 971 971 970 965 965 964 964 964 964 963 961 961 960 960 958 958 
957 957 957 956 956 954 953 949 949 949 949 948 947 946 944 943 942 941 940 940 939 938 938 935 932 
932 932 931 931 930 930 930 930 927 924 920 920 919 919 916 915 915 913 913 912 912 910 909 908 908 
907 907 907 906 906 905 903 903 902 901 899 898 898 898 897 897 894 894 893 892 890 890 888 887 885 
885 882 882 881 881 879 879 878 876 876 875 875 875 872 872 872 871 871 870 870 868 867 867 866 866 
865 863 862 862 860 860 859 854 853 853 852 850 849 848 847 845 844 844 842 842 841 841 841 840 837 
835 834 832 831 831 831 830 829 829 828 827 827 827 826 825 825 824 823 821 820 819 819 819 813 812 
812 811 811 809 809 809 805 804 804 803 803 802 802 801 796 796 796 794 793 792 792 789 787 786 785 
784 782 782 781 780 780 777 777 776 775 775 775 774 774 773 770 770 768 768 767 766 766 765 764 763 
763 759 758 758 757 756 755 751 751 749 746 746 745 745 744 744 743 740 740 738 737 736 736 730 728 
727 726 726 724 723 723 722 722 721 719 719 719 718 718 717 716 715 715 715 712 711 709 708 707 705 
704 703 700 699 697 696 695 694 694 693 693 690 689 687 686 686 685 684 683 682 680 679 678 678 674 
673 672 669 668 668 666 665 665 664 663 663 663 662 661 659 656 656 653 651 650 649 649 649 648 648 
648 647 646 645 643 643 640 639 639 638 637 636 635 634 633 628 625 624 623 622 619 619 618 617 617 
617 616 616 616 614 614 614 612 611 611 609 605 605 605 605 603 603 600 599 598 596 594 593 592 592 
591 590 588 588 587 587 587 587 585 584 582 579 576 575 575 574 574 574 573 573 569 569 568 567 567 
564 564 564 563 559 558 558 557 557 557 555 554 553 553 553 552 552 550 549 548 546 546 546 546 545 
544 543 542 541 536 536 534 532 532 532 530 530 530 530 529 529 528 525 525 525 524 523 522 519 518 
516 516 514 513 511 508 508 506 506 506 506 503 503 502 502 497 496 496 495 495 495 494 492 491 491 
490 489 488 485 485 483 482 480 480 479 479 478 478 478 477 477 475 474 473 472 470 470 470 469 469 
468 468 467 466 465 463 462 462 461 460 459 459 458 457 457 456 456 455 454 453 452 450 450 449 447 
446 445 444 444 444 444 442 442 440 440 440 438 436 435 434 431 428 427 424 424 424 422 422 421 421 
420 417 416 416 415 414 413 410 408 408 406 405 405 404 403 402 401 400 399 395 395 393 392 390 390 
389 388 386 385 385 383 382 379 377 377 377 376 375 374 374 373 372 370 368 364 364 363 363 362 361 
361 360 358 357 356 355 354 350 349 349 347 346 345 343 342 342 342 341 340 340 339 338 338 337 336 
336 335 334 332 332 329 328 327 324 323 319 319 316 316 313 312 310 309 308 307 305 304 303 303 302 
300 300 297 297 297 295 294 294 294 292 292 292 290 290 289 289 288 287 285 285 283 279 276 276 274 
274 273 272 272 271 271 270 270 270 268 268 268 267 267 265 264 264 263 262 261 261 258 254 253 252 
252 251 251 251 249 249 246 245 245 245 242 242 242 238 237 232 232 231 231 231 229 227 226 226 225 
225 225 223 223 221 220 220 219 216 215 213 212 211 211 211 210 210 208 206 206 206 206 205 203 203 
203 203 203 202 201 200 199 199 198 198 198 198 198 198 195 194 193 192 190 189 189 187 185 184 183 
182 182 181 181 180 180 179 178 177 175 175 175 175 175 174 173 171 170 169 169 168 164 164 163 161 
161 160 158 157 157 156 155 154 153 153 151 150 148 147 146 145 143 143 142 142 140 138 137 135 134 
133 131 127 125 124 123 123 123 123 122 122 121 121 120 116 116 116 115 114 114 114 114 112 109 108 
107 101 101 101 100 100 99 95 94 94 94 92 90 90 89 89 88 88 88 87 86 85 85 85 84 
83 82 80 79 79 79 78 78 77 76 75 74 73 73 72 71 71 68 67 66 66 64 64 64 63 
63 63 62 59 58 58 54 51 50 50 50 50 48 47 46 46 45 45 45 45 43 43 42 41 41 
40 40 39 39 39 36 35 35 34 34 33 33 32 32 31 30 30 30 29 28 27 27 24 24 23 
21 20 20 18 18 16 15 15 14 13 12 12 10 10 9 8 8 7 5 5 4 2 1 0 0 


------------------

Original List for: 1500 outputs

813 127 993 1370 718 15 473 902 1427 23 296 518 174 1078 61 972 1360 940 271 815 1298 1235 943 930 136 
696 807 805 982 492 505 609 228 1399 196 1246 1068 1028 1467 387 1440 710 172 659 1301 254 1169 1375 434 1109 
1097 1413 794 475 229 144 1085 819 187 1150 1299 398 297 1255 883 143 931 479 119 1035 1499 579 149 622 125 
644 237 958 670 1494 302 305 307 265 184 1087 923 1247 1128 1134 1303 622 0 1365 1342 967 813 347 400 1024 
689 669 1440 322 699 1228 29 1488 1011 538 855 549 564 1399 299 140 276 23 1433 267 1478 1439 387 1145 1411 
674 1423 502 1243 527 210 637 1348 317 1299 216 754 506 762 96 990 61 810 1244 1024 1415 911 229 423 1397 
30 924 847 80 1271 1384 1162 1465 312 386 1217 1176 84 275 936 184 643 1445 1189 1214 630 82 1358 508 135 
1258 193 137 1034 1141 1192 471 375 1494 274 924 431 42 1440 105 410 144 727 288 908 197 303 810 181 737 
1014 655 1436 1074 651 871 1487 781 796 1485 1372 1247 1167 137 995 660 616 95 107 892 1466 803 465 860 1049 
185 185 1284 315 79 1152 719 195 265 563 91 1437 1261 1169 403 1265 1207 396 1431 1476 1033 306 140 797 357 
560 1445 482 379 28 482 502 1262 707 1071 1211 1278 581 353 1421 1204 1181 1257 409 1407 614 1390 496 416 792 
306 484 137 146 976 461 842 380 1169 942 1136 880 594 123 867 1137 202 1048 964 44 573 1415 1484 413 1041 
634 881 2 808 949 1215 711 1439 1490 1217 136 130 480 1098 108 849 209 1319 1448 631 1332 277 877 678 92 
1468 944 437 1483 1438 762 14 57 1158 140 238 1359 1264 553 290 1074 499 1163 160 269 74 496 229 884 704 
641 123 793 1442 1030 406 593 1359 693 255 367 221 210 1068 44 855 1056 1400 423 419 114 104 949 933 197 
1371 109 513 373 207 402 258 674 21 305 376 780 123 854 657 1068 1156 80 916 876 1168 73 647 1167 98 
1021 232 1202 1417 1066 639 858 255 532 1398 265 765 1443 1418 868 500 482 122 19 156 1092 426 265 248 46 
65 1484 1225 627 572 657 1324 5 83 85 928 621 247 683 932 194 755 1477 439 1095 1375 1383 409 178 955 
1347 298 338 605 1019 115 1381 1403 358 328 1327 656 673 366 62 821 1295 1321 519 1419 551 1390 1131 700 1498 
340 31 243 922 685 634 1174 156 295 272 791 1187 249 1356 267 218 348 216 375 200 184 961 532 1412 356 
582 911 283 37 942 1235 286 208 494 1136 581 62 981 608 902 86 974 1015 388 425 724 411 748 90 538 
554 485 161 1314 994 464 262 80 612 675 1237 1360 969 1043 508 484 1410 165 757 1369 694 461 568 269 790 
315 313 1133 1053 1427 965 1025 829 349 479 17 1322 1399 455 589 742 1238 917 1449 1315 1391 871 385 894 1181 
886 284 1193 1209 1200 768 1168 1435 1320 67 359 877 1337 1006 260 639 636 174 4 1081 1390 1223 313 232 107 
132 1108 303 1325 694 308 1234 1077 811 1220 94 1051 1451 992 1381 693 1362 923 1262 1155 44 1450 884 434 1232 
1417 246 1355 360 1136 106 1189 207 360 1088 1371 434 976 1020 837 1473 1246 1433 299 1279 407 324 934 133 888 
816 362 491 1132 1479 1027 1196 1087 1446 858 575 724 320 1201 1384 783 1265 693 98 189 1478 284 772 153 752 
1291 914 57 537 421 225 1446 84 634 1219 1293 369 1200 886 1296 1342 768 925 1365 1393 1029 1264 1057 1005 718 
1124 400 1457 181 250 1285 396 616 166 41 940 411 1034 1046 74 1248 1321 862 1430 601 734 647 536 885 832 
1294 1114 266 1043 351 1018 1202 278 1176 1160 727 1052 1464 493 1121 1391 120 127 228 535 1022 10 828 376 159 
677 1362 943 751 613 300 1282 804 1342 112 352 639 290 645 523 226 980 864 326 35 72 1083 759 562 649 
252 154 332 228 817 652 644 234 183 1242 647 809 837 62 778 713 227 21 1391 1371 1192 984 742 1260 378 
448 139 539 417 308 1146 852 83 1221 1263 260 887 1022 1468 830 520 295 468 145 189 813 629 589 283 132 
734 324 327 143 1164 1425 1214 797 363 71 891 625 369 684 1149 537 99 1451 922 1197 584 1496 924 354 359 
783 759 1034 1105 1307 1020 802 452 1257 1424 463 1151 558 1252 671 595 1309 1234 1079 135 362 250 22 1468 871 
235 941 1471 1354 765 811 697 705 595 877 54 1282 205 642 353 1229 266 1345 1439 700 84 20 1435 255 797 
353 1463 1342 1305 299 1326 9 894 954 698 41 357 509 1432 661 1286 66 1355 1044 192 54 1317 346 1070 486 
850 1370 94 292 419 1191 1301 39 1186 511 56 1302 238 777 414 1029 861 939 1182 1401 458 536 1019 1398 400 
149 763 612 1329 1207 458 611 1030 237 1166 453 156 343 97 409 1196 186 1245 841 198 420 1191 321 1003 684 
786 851 258 287 1347 516 207 814 564 1357 20 804 154 1475 944 1344 416 1137 752 1313 217 1448 1292 918 1258 
385 532 1444 297 6 417 1323 1258 191 96 508 965 972 18 1406 1037 697 866 1425 132 1131 1207 540 367 361 
1325 1107 1366 746 435 220 865 581 703 419 1221 645 1183 917 218 332 273 453 458 1451 690 98 1207 323 1079 
1114 1015 198 464 521 5 993 2 1135 179 718 1281 43 95 23 791 1327 1471 1133 1420 425 766 668 1099 1137 
1129 1295 1270 1446 1322 113 59 323 584 1451 999 610 804 1389 1339 807 557 577 1493 768 1156 1053 1384 994 530 
658 245 152 674 637 352 415 486 979 1155 37 430 57 1098 212 777 957 1259 1415 754 88 696 45 1411 33 
524 318 536 464 79 122 362 744 586 1105 182 620 887 409 1238 392 589 1215 1487 588 1476 977 1130 625 801 
369 1149 528 822 800 1005 5 669 618 195 552 358 1237 1380 856 238 933 610 812 1028 786 88 728 203 338 
877 1209 1478 842 1194 229 1497 644 230 867 987 1071 1396 1197 558 915 1045 1449 1027 813 1199 89 6 1219 1001 
315 1195 873 1064 1013 234 435 816 1486 391 987 525 708 866 803 1093 517 501 204 611 1385 1448 1078 429 314 
57 1144 1027 811 1062 1152 233 111 116 76 535 258 1334 672 688 1393 131 1252 232 767 25 479 886 252 11 
562 895 338 670 590 1113 1100 508 689 469 1095 149 256 336 1057 651 842 1348 340 466 801 1392 1471 442 813 
242 4 146 727 281 398 73 541 727 375 1218 204 1047 639 956 87 220 820 1008 290 456 1353 701 859 1476 
569 491 669 1330 580 572 43 1039 1169 200 112 398 1340 679 16 611 877 641 424 741 747 345 1416 1293 30 
531 1122 851 746 77 414 1374 1464 185 729 360 864 1341 1432 860 409 1400 637 337 1326 697 1017 1196 615 494 
1421 145 539 144 1199 55 889 1009 1157 1498 794 143 485 847 1429 243 76 1231 430 814 1017 968 553 1274 1127 
605 1340 660 1239 161 552 563 747 700 1433 719 1031 170 1186 743 1347 237 463 883 543 774 5 1278 1475 891 
127 66 402 224 480 1309 9 176 302 778 1138 327 359 1465 424 159 391 484 666 243 1324 501 703 1052 405 
89 776 1047 1171 502 781 176 71 1225 24 455 1354 898 180 1028 699 993 254 733 773 143 709 1396 1321 1350 
