------------------

Original List for: 10 outputs

1 8 1 9 3 2 8 9 0 9 

Merge Unsorted Time for 10 outputs: 42800.0 nanoseconds

0 1 1 2 3 8 8 9 9 9 

Merge Sorted Time for 10 outputs: 30900.0 nanoseconds

0 1 1 2 3 8 8 9 9 9 

Merge Reversed Time for 10 outputs: 30400.0 nanoseconds

9 9 9 8 8 3 2 1 1 0 

------------------

Original List for: 50 outputs

25 49 34 46 6 49 1 16 18 21 18 26 45 0 14 6 5 23 35 32 49 20 13 26 31 
24 17 16 41 26 10 27 16 19 39 0 42 2 24 9 49 36 31 26 18 1 34 39 40 20 


Merge Unsorted Time for 50 outputs: 252200.0 nanoseconds

0 0 1 1 2 5 6 6 9 10 13 14 16 16 16 17 18 18 18 19 20 20 21 23 24 
24 25 26 26 26 26 27 31 31 32 34 34 35 36 39 39 40 41 42 45 46 49 49 49 49 


Merge Sorted Time for 50 outputs: 150600.0 nanoseconds

0 0 1 1 2 5 6 6 9 10 13 14 16 16 16 17 18 18 18 19 20 20 21 23 24 
24 25 26 26 26 26 27 31 31 32 34 34 35 36 39 39 40 41 42 45 46 49 49 49 49 


Merge Reversed Time for 50 outputs: 152800.0 nanoseconds

49 49 49 49 46 45 42 41 40 39 39 36 35 34 34 32 31 31 27 26 26 26 26 25 24 
24 23 21 20 20 19 18 18 18 17 16 16 16 14 13 10 9 6 6 5 2 1 1 0 0 


------------------

Original List for: 100 outputs

40 37 26 96 92 56 16 37 59 56 50 54 61 78 93 14 4 89 98 88 95 15 46 6 18 
97 73 6 71 36 18 58 16 41 40 51 31 41 98 21 79 21 95 11 21 27 84 6 3 90 
68 49 65 4 47 5 50 37 72 54 94 67 72 79 22 35 47 14 34 63 70 16 55 58 28 
40 93 65 7 62 90 58 94 44 13 60 24 57 55 51 12 38 0 34 80 7 24 47 33 22 


Merge Unsorted Time for 100 outputs: 435000.0 nanoseconds

0 3 4 4 5 6 6 6 7 7 11 12 13 14 14 15 16 16 16 18 18 21 21 21 22 
22 24 24 26 27 28 31 33 34 34 35 36 37 37 37 38 40 40 40 41 41 44 46 47 47 
47 49 50 50 51 51 54 54 55 55 56 56 57 58 58 58 59 60 61 62 63 65 65 67 68 
70 71 72 72 73 78 79 79 80 84 88 89 90 90 92 93 93 94 94 95 95 96 97 98 98 


Merge Sorted Time for 100 outputs: 416900.0 nanoseconds

0 3 4 4 5 6 6 6 7 7 11 12 13 14 14 15 16 16 16 18 18 21 21 21 22 
22 24 24 26 27 28 31 33 34 34 35 36 37 37 37 38 40 40 40 41 41 44 46 47 47 
47 49 50 50 51 51 54 54 55 55 56 56 57 58 58 58 59 60 61 62 63 65 65 67 68 
70 71 72 72 73 78 79 79 80 84 88 89 90 90 92 93 93 94 94 95 95 96 97 98 98 


Merge Reversed Time for 100 outputs: 270900.0 nanoseconds

98 98 97 96 95 95 94 94 93 93 92 90 90 89 88 84 80 79 79 78 73 72 72 71 70 
68 67 65 65 63 62 61 60 59 58 58 58 57 56 56 55 55 54 54 51 51 50 50 49 47 
47 47 46 44 41 41 40 40 40 38 37 37 37 36 35 34 34 33 31 28 27 26 24 24 22 
22 21 21 21 18 18 16 16 16 15 14 14 13 12 11 7 7 6 6 6 5 4 4 3 0 


------------------

Original List for: 150 outputs

136 52 113 47 13 18 126 12 95 142 61 73 7 137 93 32 124 17 6 89 129 148 46 72 142 
71 30 109 108 0 6 19 117 42 75 14 55 0 58 61 138 148 34 79 137 27 24 77 77 15 
135 97 6 105 46 99 27 56 62 34 18 45 44 134 64 145 130 57 135 60 123 135 46 0 58 
104 131 120 147 64 84 102 28 125 138 123 70 6 136 137 21 21 137 28 67 2 7 91 89 92 
49 51 27 130 78 136 111 98 75 135 75 108 95 14 91 58 0 94 19 97 8 137 15 17 31 
104 129 57 35 51 16 29 7 148 42 114 25 68 83 149 38 85 107 24 125 68 44 140 145 19 


Merge Unsorted Time for 150 outputs: 749800.0 nanoseconds

0 0 0 0 2 6 6 6 6 7 7 7 8 12 13 14 14 15 15 16 17 17 18 18 19 
19 19 21 21 24 24 25 27 27 27 28 28 29 30 31 32 34 34 35 38 42 42 44 44 45 
46 46 46 47 49 51 51 52 55 56 57 57 58 58 58 60 61 61 62 64 64 67 68 68 70 
71 72 73 75 75 75 77 77 78 79 83 84 85 89 89 91 91 92 93 94 95 95 97 97 98 
99 102 104 104 105 107 108 108 109 111 113 114 117 120 123 123 124 125 125 126 129 129 130 130 131 
134 135 135 135 135 136 136 136 137 137 137 137 137 138 138 140 142 142 145 145 147 148 148 148 149 


Merge Sorted Time for 150 outputs: 411000.0 nanoseconds

0 0 0 0 2 6 6 6 6 7 7 7 8 12 13 14 14 15 15 16 17 17 18 18 19 
19 19 21 21 24 24 25 27 27 27 28 28 29 30 31 32 34 34 35 38 42 42 44 44 45 
46 46 46 47 49 51 51 52 55 56 57 57 58 58 58 60 61 61 62 64 64 67 68 68 70 
71 72 73 75 75 75 77 77 78 79 83 84 85 89 89 91 91 92 93 94 95 95 97 97 98 
99 102 104 104 105 107 108 108 109 111 113 114 117 120 123 123 124 125 125 126 129 129 130 130 131 
134 135 135 135 135 136 136 136 137 137 137 137 137 138 138 140 142 142 145 145 147 148 148 148 149 


Merge Reversed Time for 150 outputs: 386400.0 nanoseconds

149 148 148 148 147 145 145 142 142 140 138 138 137 137 137 137 137 136 136 136 135 135 135 135 134 
131 130 130 129 129 126 125 125 124 123 123 120 117 114 113 111 109 108 108 107 105 104 104 102 99 
98 97 97 95 95 94 93 92 91 91 89 89 85 84 83 79 78 77 77 75 75 75 73 72 71 
70 68 68 67 64 64 62 61 61 60 58 58 58 57 57 56 55 52 51 51 49 47 46 46 46 
45 44 44 42 42 38 35 34 34 32 31 30 29 28 28 27 27 27 25 24 24 21 21 19 19 
19 18 18 17 17 16 15 15 14 14 13 12 8 7 7 7 6 6 6 6 2 0 0 0 0 


------------------

Original List for: 300 outputs

192 173 143 28 263 241 25 25 94 80 239 43 39 277 36 277 15 253 140 92 206 138 202 66 211 
27 224 110 132 283 91 224 296 267 20 270 90 134 177 63 198 124 222 3 242 151 140 134 227 230 
35 4 252 163 72 70 47 157 214 182 95 227 99 247 137 133 35 172 299 225 248 240 16 25 137 
133 241 187 72 26 78 289 80 178 28 121 76 158 32 122 50 254 254 177 240 164 283 86 205 22 
245 17 218 252 296 206 235 35 230 259 48 193 77 6 5 237 261 142 297 30 185 277 276 112 134 
35 108 123 99 63 238 36 273 197 55 222 171 164 269 158 75 93 53 128 79 212 6 207 62 92 
75 295 30 67 143 221 75 227 258 131 184 20 25 138 235 18 159 262 248 191 78 230 266 151 77 
170 0 100 220 194 30 125 118 232 168 295 4 193 197 60 250 104 126 200 147 32 175 193 26 121 
139 294 235 11 231 232 273 219 176 198 226 3 154 55 114 253 18 26 150 268 200 34 216 259 278 
0 291 130 4 131 84 138 96 130 40 277 208 216 190 112 204 33 85 143 238 273 155 15 120 252 
21 214 15 169 132 115 238 92 253 268 131 66 105 258 56 55 204 276 251 284 134 217 51 218 200 
36 73 280 73 25 254 76 175 35 200 58 114 152 96 259 239 165 244 188 73 88 78 136 43 204 


Merge Unsorted Time for 300 outputs: 958800.0 nanoseconds

0 0 3 3 4 4 4 5 6 6 11 15 15 15 16 17 18 18 20 20 21 22 25 25 25 
25 25 26 26 26 27 28 28 30 30 30 32 32 33 34 35 35 35 35 35 36 36 36 39 40 
43 43 47 48 50 51 53 55 55 55 56 58 60 62 63 63 66 66 67 70 72 72 73 73 73 
75 75 75 76 76 77 77 78 78 78 79 80 80 84 85 86 88 90 91 92 92 92 93 94 95 
96 96 99 99 100 104 105 108 110 112 112 114 114 115 118 120 121 121 122 123 124 125 126 128 130 
130 131 131 131 132 132 133 133 134 134 134 134 136 137 137 138 138 138 139 140 140 142 143 143 143 
147 150 151 151 152 154 155 157 158 158 159 163 164 164 165 168 169 170 171 172 173 175 175 176 177 
177 178 182 184 185 187 188 190 191 192 193 193 193 194 197 197 198 198 200 200 200 200 202 204 204 
204 205 206 206 207 208 211 212 214 214 216 216 217 218 218 219 220 221 222 222 224 224 225 226 227 
227 227 230 230 230 231 232 232 235 235 235 237 238 238 238 239 239 240 240 241 241 242 244 245 247 
248 248 250 251 252 252 252 253 253 253 254 254 254 258 258 259 259 259 261 262 263 266 267 268 268 
269 270 273 273 273 276 276 277 277 277 277 278 280 283 283 284 289 291 294 295 295 296 296 297 299 


Merge Sorted Time for 300 outputs: 679600.0 nanoseconds

0 0 3 3 4 4 4 5 6 6 11 15 15 15 16 17 18 18 20 20 21 22 25 25 25 
25 25 26 26 26 27 28 28 30 30 30 32 32 33 34 35 35 35 35 35 36 36 36 39 40 
43 43 47 48 50 51 53 55 55 55 56 58 60 62 63 63 66 66 67 70 72 72 73 73 73 
75 75 75 76 76 77 77 78 78 78 79 80 80 84 85 86 88 90 91 92 92 92 93 94 95 
96 96 99 99 100 104 105 108 110 112 112 114 114 115 118 120 121 121 122 123 124 125 126 128 130 
130 131 131 131 132 132 133 133 134 134 134 134 136 137 137 138 138 138 139 140 140 142 143 143 143 
147 150 151 151 152 154 155 157 158 158 159 163 164 164 165 168 169 170 171 172 173 175 175 176 177 
177 178 182 184 185 187 188 190 191 192 193 193 193 194 197 197 198 198 200 200 200 200 202 204 204 
204 205 206 206 207 208 211 212 214 214 216 216 217 218 218 219 220 221 222 222 224 224 225 226 227 
227 227 230 230 230 231 232 232 235 235 235 237 238 238 238 239 239 240 240 241 241 242 244 245 247 
248 248 250 251 252 252 252 253 253 253 254 254 254 258 258 259 259 259 261 262 263 266 267 268 268 
269 270 273 273 273 276 276 277 277 277 277 278 280 283 283 284 289 291 294 295 295 296 296 297 299 


Merge Reversed Time for 300 outputs: 758900.0 nanoseconds

299 297 296 296 295 295 294 291 289 284 283 283 280 278 277 277 277 277 276 276 273 273 273 270 269 
268 268 267 266 263 262 261 259 259 259 258 258 254 254 254 253 253 253 252 252 252 251 250 248 248 
247 245 244 242 241 241 240 240 239 239 238 238 238 237 235 235 235 232 232 231 230 230 230 227 227 
227 226 225 224 224 222 222 221 220 219 218 218 217 216 216 214 214 212 211 208 207 206 206 205 204 
204 204 202 200 200 200 200 198 198 197 197 194 193 193 193 192 191 190 188 187 185 184 182 178 177 
177 176 175 175 173 172 171 170 169 168 165 164 164 163 159 158 158 157 155 154 152 151 151 150 147 
143 143 143 142 140 140 139 138 138 138 137 137 136 134 134 134 134 133 133 132 132 131 131 131 130 
130 128 126 125 124 123 122 121 121 120 118 115 114 114 112 112 110 108 105 104 100 99 99 96 96 
95 94 93 92 92 92 91 90 88 86 85 84 80 80 79 78 78 78 77 77 76 76 75 75 75 
73 73 73 72 72 70 67 66 66 63 63 62 60 58 56 55 55 55 53 51 50 48 47 43 43 
40 39 36 36 36 35 35 35 35 35 34 33 32 32 30 30 30 28 28 27 26 26 26 25 25 
25 25 25 22 21 20 20 18 18 17 16 15 15 15 11 6 6 5 4 4 4 3 3 0 0 


------------------

Original List for: 500 outputs

133 106 14 440 225 448 320 3 445 34 224 300 277 55 57 398 460 267 117 415 288 422 90 35 79 
212 384 456 342 466 214 28 262 312 395 260 462 305 357 244 276 49 244 119 116 469 206 317 54 122 
363 388 292 184 229 276 64 154 318 383 97 408 53 58 386 493 451 62 499 159 46 319 7 499 345 
27 247 54 135 158 241 290 267 93 290 378 273 482 186 447 319 200 370 328 51 112 180 377 32 112 
191 454 80 256 178 442 192 279 474 133 363 199 16 487 390 285 338 68 157 167 274 149 315 400 113 
459 148 56 169 176 457 17 2 395 370 90 168 197 203 91 322 394 24 66 364 201 242 9 126 454 
479 316 36 258 31 26 270 28 9 164 373 30 281 282 289 222 444 139 259 172 59 292 58 23 154 
60 221 373 324 43 156 287 67 201 180 212 53 346 342 165 258 5 488 499 414 214 259 378 423 109 
453 168 64 257 218 318 394 429 363 405 108 166 439 444 158 418 45 405 342 57 492 123 402 111 50 
468 422 350 80 269 175 82 206 127 15 346 255 183 439 421 117 463 442 423 207 88 95 443 237 160 
78 379 228 261 214 266 370 244 399 401 52 128 291 32 180 443 130 312 0 344 10 328 480 174 274 
333 413 216 391 312 154 50 414 330 15 273 353 474 329 403 184 459 40 58 116 132 190 339 434 315 
141 279 327 270 168 154 185 369 492 384 362 60 172 69 416 252 12 312 300 99 215 165 125 429 59 
21 73 390 387 83 220 169 163 240 453 471 73 235 329 30 48 295 179 49 21 483 158 393 339 237 
418 388 68 382 161 66 330 230 159 102 84 447 66 21 260 433 148 254 451 329 7 368 357 410 479 
193 471 250 402 56 24 154 236 59 351 114 278 191 335 476 178 424 8 235 394 484 314 384 478 109 
217 272 235 132 108 189 461 414 356 68 381 261 328 192 61 430 405 486 447 211 440 440 140 476 113 
300 142 12 281 425 332 414 124 85 238 337 236 356 321 178 65 28 80 353 490 322 406 11 318 53 
496 170 272 374 116 30 237 200 280 81 47 105 472 219 340 135 202 480 221 262 141 74 469 58 197 
343 466 49 99 372 302 174 429 349 404 241 388 286 457 37 14 301 6 320 314 254 465 330 49 360 


Merge Unsorted Time for 500 outputs: 2192800.0 nanoseconds

0 2 3 5 6 7 7 8 9 9 10 11 12 12 14 14 15 15 16 17 21 21 21 23 24 
24 26 27 28 28 28 30 30 30 31 32 32 34 35 36 37 40 43 45 46 47 48 49 49 49 
49 50 50 51 52 53 53 53 54 54 55 56 56 57 57 58 58 58 58 59 59 59 60 60 61 
62 64 64 65 66 66 66 67 68 68 68 69 73 73 74 78 79 80 80 80 81 82 83 84 85 
88 90 90 91 93 95 97 99 99 102 105 106 108 108 109 109 111 112 112 113 113 114 116 116 116 
117 117 119 122 123 124 125 126 127 128 130 132 132 133 133 135 135 139 140 141 141 142 148 148 149 
154 154 154 154 154 156 157 158 158 158 159 159 160 161 163 164 165 165 166 167 168 168 168 169 169 
170 172 172 174 174 175 176 178 178 178 179 180 180 180 183 184 184 185 186 189 190 191 191 192 192 
193 197 197 199 200 200 201 201 202 203 206 206 207 211 212 212 214 214 214 215 216 217 218 219 220 
221 221 222 224 225 228 229 230 235 235 235 236 236 237 237 237 238 240 241 241 242 244 244 244 247 
250 252 254 254 255 256 257 258 258 259 259 260 260 261 261 262 262 266 267 267 269 270 270 272 272 
273 273 274 274 276 276 277 278 279 279 280 281 281 282 285 286 287 288 289 290 290 291 292 292 295 
300 300 300 301 302 305 312 312 312 312 314 314 315 315 316 317 318 318 318 319 319 320 320 321 322 
322 324 327 328 328 328 329 329 329 330 330 330 332 333 335 337 338 339 339 340 342 342 342 343 344 
345 346 346 349 350 351 353 353 356 356 357 357 360 362 363 363 363 364 368 369 370 370 370 372 373 
373 374 377 378 378 379 381 382 383 384 384 384 386 387 388 388 388 390 390 391 393 394 394 394 395 
395 398 399 400 401 402 402 403 404 405 405 405 406 408 410 413 414 414 414 414 415 416 418 418 421 
422 422 423 423 424 425 429 429 429 430 433 434 439 439 440 440 440 442 442 443 443 444 444 445 447 
447 447 448 451 451 453 453 454 454 456 457 457 459 459 460 461 462 463 465 466 466 468 469 469 471 
471 472 474 474 476 476 478 479 479 480 480 482 483 484 486 487 488 490 492 492 493 496 499 499 499 


Merge Sorted Time for 500 outputs: 1627200.0 nanoseconds

0 2 3 5 6 7 7 8 9 9 10 11 12 12 14 14 15 15 16 17 21 21 21 23 24 
24 26 27 28 28 28 30 30 30 31 32 32 34 35 36 37 40 43 45 46 47 48 49 49 49 
49 50 50 51 52 53 53 53 54 54 55 56 56 57 57 58 58 58 58 59 59 59 60 60 61 
62 64 64 65 66 66 66 67 68 68 68 69 73 73 74 78 79 80 80 80 81 82 83 84 85 
88 90 90 91 93 95 97 99 99 102 105 106 108 108 109 109 111 112 112 113 113 114 116 116 116 
117 117 119 122 123 124 125 126 127 128 130 132 132 133 133 135 135 139 140 141 141 142 148 148 149 
154 154 154 154 154 156 157 158 158 158 159 159 160 161 163 164 165 165 166 167 168 168 168 169 169 
170 172 172 174 174 175 176 178 178 178 179 180 180 180 183 184 184 185 186 189 190 191 191 192 192 
193 197 197 199 200 200 201 201 202 203 206 206 207 211 212 212 214 214 214 215 216 217 218 219 220 
221 221 222 224 225 228 229 230 235 235 235 236 236 237 237 237 238 240 241 241 242 244 244 244 247 
250 252 254 254 255 256 257 258 258 259 259 260 260 261 261 262 262 266 267 267 269 270 270 272 272 
273 273 274 274 276 276 277 278 279 279 280 281 281 282 285 286 287 288 289 290 290 291 292 292 295 
300 300 300 301 302 305 312 312 312 312 314 314 315 315 316 317 318 318 318 319 319 320 320 321 322 
322 324 327 328 328 328 329 329 329 330 330 330 332 333 335 337 338 339 339 340 342 342 342 343 344 
345 346 346 349 350 351 353 353 356 356 357 357 360 362 363 363 363 364 368 369 370 370 370 372 373 
373 374 377 378 378 379 381 382 383 384 384 384 386 387 388 388 388 390 390 391 393 394 394 394 395 
395 398 399 400 401 402 402 403 404 405 405 405 406 408 410 413 414 414 414 414 415 416 418 418 421 
422 422 423 423 424 425 429 429 429 430 433 434 439 439 440 440 440 442 442 443 443 444 444 445 447 
447 447 448 451 451 453 453 454 454 456 457 457 459 459 460 461 462 463 465 466 466 468 469 469 471 
471 472 474 474 476 476 478 479 479 480 480 482 483 484 486 487 488 490 492 492 493 496 499 499 499 


Merge Reversed Time for 500 outputs: 2463800.0 nanoseconds

499 499 499 496 493 492 492 490 488 487 486 484 483 482 480 480 479 479 478 476 476 474 474 472 471 
471 469 469 468 466 466 465 463 462 461 460 459 459 457 457 456 454 454 453 453 451 451 448 447 447 
447 445 444 444 443 443 442 442 440 440 440 439 439 434 433 430 429 429 429 425 424 423 423 422 422 
421 418 418 416 415 414 414 414 414 413 410 408 406 405 405 405 404 403 402 402 401 400 399 398 395 
395 394 394 394 393 391 390 390 388 388 388 387 386 384 384 384 383 382 381 379 378 378 377 374 373 
373 372 370 370 370 369 368 364 363 363 363 362 360 357 357 356 356 353 353 351 350 349 346 346 345 
344 343 342 342 342 340 339 339 338 337 335 333 332 330 330 330 329 329 329 328 328 328 327 324 322 
322 321 320 320 319 319 318 318 318 317 316 315 315 314 314 312 312 312 312 305 302 301 300 300 300 
295 292 292 291 290 290 289 288 287 286 285 282 281 281 280 279 279 278 277 276 276 274 274 273 273 
272 272 270 270 269 267 267 266 262 262 261 261 260 260 259 259 258 258 257 256 255 254 254 252 250 
247 244 244 244 242 241 241 240 238 237 237 237 236 236 235 235 235 230 229 228 225 224 222 221 221 
220 219 218 217 216 215 214 214 214 212 212 211 207 206 206 203 202 201 201 200 200 199 197 197 193 
192 192 191 191 190 189 186 185 184 184 183 180 180 180 179 178 178 178 176 175 174 174 172 172 170 
169 169 168 168 168 167 166 165 165 164 163 161 160 159 159 158 158 158 157 156 154 154 154 154 154 
149 148 148 142 141 141 140 139 135 135 133 133 132 132 130 128 127 126 125 124 123 122 119 117 117 
116 116 116 114 113 113 112 112 111 109 109 108 108 106 105 102 99 99 97 95 93 91 90 90 88 
85 84 83 82 81 80 80 80 79 78 74 73 73 69 68 68 68 67 66 66 66 65 64 64 62 
61 60 60 59 59 59 58 58 58 58 57 57 56 56 55 54 54 53 53 53 52 51 50 50 49 
49 49 49 48 47 46 45 43 40 37 36 35 34 32 32 31 30 30 30 28 28 28 27 26 24 
24 23 21 21 21 17 16 15 15 14 14 12 12 11 10 9 9 8 7 7 6 5 3 2 0 


------------------

Original List for: 1000 outputs

164 695 158 146 199 223 66 979 384 413 907 50 785 83 970 999 410 86 416 767 621 666 202 359 441 
378 493 36 654 566 609 657 264 681 283 462 134 5 26 866 433 950 850 421 930 512 631 781 468 5 
849 11 217 311 942 960 41 430 326 705 308 591 784 156 953 386 857 278 887 454 564 307 24 411 413 
897 6 811 504 482 125 309 799 428 745 744 888 374 352 929 44 209 703 89 644 833 171 318 607 806 
222 901 438 35 186 256 408 154 569 689 393 474 778 331 965 815 344 9 259 629 532 63 484 616 203 
625 163 90 683 523 134 466 607 357 907 181 841 851 590 940 383 87 94 178 710 419 264 720 59 679 
626 887 297 11 882 122 732 658 703 101 148 523 157 685 829 821 486 78 299 22 964 43 27 816 443 
558 725 184 563 124 782 189 683 899 977 626 697 594 29 511 878 54 346 674 382 445 541 862 541 97 
795 29 893 451 74 192 252 104 827 479 682 13 388 615 297 266 618 135 173 462 203 470 610 504 322 
582 29 628 35 629 611 170 134 806 253 839 416 523 197 318 157 588 19 87 667 473 552 794 767 31 
187 673 530 587 825 671 366 105 295 840 483 727 452 758 87 899 450 861 993 461 467 788 86 626 119 
544 381 719 907 951 197 166 182 518 142 448 990 303 756 191 808 251 816 207 755 976 946 872 357 95 
545 282 656 837 146 30 69 987 607 365 512 868 374 88 227 122 611 10 581 190 920 486 675 562 960 
792 174 693 427 339 133 42 595 495 609 645 966 844 654 588 836 887 986 589 976 936 846 681 828 910 
105 421 636 280 524 881 869 273 544 432 431 630 116 722 868 79 674 585 781 335 89 614 946 122 485 
319 334 579 578 944 782 671 48 714 630 537 784 180 812 251 485 77 40 341 78 20 640 701 552 564 
899 228 416 743 947 489 405 621 221 660 484 161 517 689 965 184 418 150 363 263 752 939 425 313 309 
446 216 930 707 807 797 50 460 799 343 905 812 296 422 211 792 424 543 857 44 280 316 476 306 323 
864 254 791 662 592 231 703 699 413 16 161 737 566 400 485 347 227 273 985 187 300 646 403 323 311 
955 553 336 633 345 372 892 796 413 187 470 670 603 44 24 322 308 317 773 240 513 401 477 439 907 
78 966 499 65 122 936 698 669 454 510 480 892 515 420 778 415 961 753 295 210 567 306 67 697 804 
520 709 442 804 456 576 115 718 214 255 481 634 325 105 506 968 948 453 304 619 232 575 498 965 194 
991 128 956 989 987 243 42 855 955 86 162 441 938 365 766 221 700 305 838 803 67 741 123 800 620 
953 609 219 646 936 178 317 114 184 728 493 374 37 867 501 692 26 992 556 88 501 386 777 510 294 
434 41 57 492 122 549 593 244 200 531 820 871 534 791 773 502 709 85 417 284 506 942 494 313 681 
413 94 31 190 269 482 619 147 281 914 769 130 783 152 812 252 793 316 985 315 722 218 847 226 34 
544 37 516 254 499 527 785 79 905 143 181 693 914 948 987 591 912 842 776 906 445 237 169 164 3 
363 382 492 806 182 304 992 102 274 181 217 785 849 621 727 997 720 533 925 235 230 328 537 207 241 
477 450 36 404 84 262 820 609 210 447 373 975 141 66 904 528 353 404 26 506 976 952 749 920 400 
729 657 556 86 577 588 171 848 220 289 557 312 228 860 551 685 81 996 239 36 293 753 835 219 657 
228 775 526 791 318 745 867 14 721 842 767 427 234 284 635 867 840 690 74 425 375 985 425 13 701 
313 657 572 189 599 401 270 282 763 667 632 715 944 449 710 109 997 449 373 550 264 724 522 165 250 
652 859 792 227 979 920 325 754 721 116 810 192 437 14 352 394 348 583 737 498 856 383 114 385 855 
17 836 243 621 511 477 974 300 475 659 56 959 692 857 301 686 713 858 930 196 445 441 121 316 343 
859 777 474 980 613 296 310 339 199 336 186 949 122 924 341 408 5 838 577 527 35 894 774 687 153 
25 673 375 675 891 832 925 574 2 948 17 504 17 497 65 548 461 665 649 905 264 484 988 994 15 
588 315 848 546 221 601 716 448 658 25 873 549 218 764 637 313 242 443 200 373 852 997 470 340 844 
445 263 556 51 940 37 729 117 726 765 836 557 731 542 405 601 565 839 138 456 569 925 434 551 284 
874 162 595 539 657 35 280 71 822 303 944 811 91 230 408 699 156 209 20 747 540 786 947 417 481 
822 557 264 90 120 889 386 920 540 914 297 402 348 593 378 355 746 927 878 183 107 105 758 499 780 


Merge Unsorted Time for 1000 outputs: 2.44394E7 nanoseconds

2 3 5 5 5 6 9 10 11 11 13 13 14 14 15 16 17 17 17 19 20 20 22 24 24 
25 25 26 26 26 27 29 29 29 30 31 31 34 35 35 35 35 36 36 36 37 37 37 40 41 
41 42 42 43 44 44 44 48 50 50 51 54 56 57 59 63 65 65 66 66 67 67 69 71 74 
74 77 78 78 78 79 79 81 83 84 85 86 86 86 86 87 87 87 88 88 89 89 90 90 91 
94 94 95 97 101 102 104 105 105 105 105 107 109 114 114 115 116 116 117 119 120 121 122 122 122 
122 122 122 123 124 125 128 130 133 134 134 134 135 138 141 142 143 146 146 147 148 150 152 153 154 
156 156 157 157 158 161 161 162 162 163 164 164 165 166 169 170 171 171 173 174 178 178 180 181 181 
181 182 182 183 184 184 184 186 186 187 187 187 189 189 190 190 191 192 192 194 196 197 197 199 199 
200 200 202 203 203 207 207 209 209 210 210 211 214 216 217 217 218 218 219 219 220 221 221 221 222 
223 226 227 227 227 228 228 228 230 230 231 232 234 235 237 239 240 241 242 243 243 244 250 251 251 
252 252 253 254 254 255 256 259 262 263 263 264 264 264 264 264 266 269 270 273 273 274 278 280 280 
280 281 282 282 283 284 284 284 289 293 294 295 295 296 296 297 297 297 299 300 300 301 303 303 304 
304 305 306 306 307 308 308 309 309 310 311 311 312 313 313 313 313 315 315 316 316 316 317 317 318 
318 318 319 322 322 323 323 325 325 326 328 331 334 335 336 336 339 339 340 341 341 343 343 344 345 
346 347 348 348 352 352 353 355 357 357 359 363 363 365 365 366 372 373 373 373 374 374 374 375 375 
378 378 381 382 382 383 383 384 385 386 386 386 388 393 394 400 400 401 401 402 403 404 404 405 405 
408 408 408 410 411 413 413 413 413 413 415 416 416 416 417 417 418 419 420 421 421 422 424 425 425 
425 427 427 428 430 431 432 433 434 434 437 438 439 441 441 441 442 443 443 445 445 445 445 446 447 
448 448 449 449 450 450 451 452 453 454 454 456 456 460 461 461 462 462 466 467 468 470 470 470 473 
474 474 475 476 477 477 477 479 480 481 481 482 482 483 484 484 484 485 485 485 486 486 489 492 492 
493 493 494 495 497 498 498 499 499 499 501 501 502 504 504 504 506 506 506 510 510 511 511 512 512 
513 515 516 517 518 520 522 523 523 523 524 526 527 527 528 530 531 532 533 534 537 537 539 540 540 
541 541 542 543 544 544 544 545 546 548 549 549 550 551 551 552 552 553 556 556 556 557 557 557 558 
562 563 564 564 565 566 566 567 569 569 572 574 575 576 577 577 578 579 581 582 583 585 587 588 588 
588 588 589 590 591 591 592 593 593 594 595 595 599 601 601 603 607 607 607 609 609 609 609 610 611 
611 613 614 615 616 618 619 619 620 621 621 621 621 625 626 626 626 628 629 629 630 630 631 632 633 
634 635 636 637 640 644 645 646 646 649 652 654 654 656 657 657 657 657 657 658 658 659 660 662 665 
666 667 667 669 670 671 671 673 673 674 674 675 675 679 681 681 681 682 683 683 685 685 686 687 689 
689 690 692 692 693 693 695 697 697 698 699 699 700 701 701 703 703 703 705 707 709 709 710 710 713 
714 715 716 718 719 720 720 721 721 722 722 724 725 726 727 727 728 729 729 731 732 737 737 741 743 
744 745 745 746 747 749 752 753 753 754 755 756 758 758 763 764 765 766 767 767 767 769 773 773 774 
775 776 777 777 778 778 780 781 781 782 782 783 784 784 785 785 785 786 788 791 791 791 792 792 792 
793 794 795 796 797 799 799 800 803 804 804 806 806 806 807 808 810 811 811 812 812 812 815 816 816 
820 820 821 822 822 825 827 828 829 832 833 835 836 836 836 837 838 838 839 839 840 840 841 842 842 
844 844 846 847 848 848 849 849 850 851 852 855 855 856 857 857 857 858 859 859 860 861 862 864 866 
867 867 867 868 868 869 871 872 873 874 878 878 881 882 887 887 887 888 889 891 892 892 893 894 897 
899 899 899 901 904 905 905 905 906 907 907 907 907 910 912 914 914 914 920 920 920 920 924 925 925 
925 927 929 930 930 930 936 936 936 938 939 940 940 942 942 944 944 944 946 946 947 947 948 948 948 
949 950 951 952 953 953 955 955 956 959 960 960 961 964 965 965 965 966 966 968 970 974 975 976 976 
976 977 979 979 980 985 985 985 986 987 987 987 988 989 990 991 992 992 993 994 996 997 997 997 999 


Merge Sorted Time for 1000 outputs: 4019000.0 nanoseconds

2 3 5 5 5 6 9 10 11 11 13 13 14 14 15 16 17 17 17 19 20 20 22 24 24 
25 25 26 26 26 27 29 29 29 30 31 31 34 35 35 35 35 36 36 36 37 37 37 40 41 
41 42 42 43 44 44 44 48 50 50 51 54 56 57 59 63 65 65 66 66 67 67 69 71 74 
74 77 78 78 78 79 79 81 83 84 85 86 86 86 86 87 87 87 88 88 89 89 90 90 91 
94 94 95 97 101 102 104 105 105 105 105 107 109 114 114 115 116 116 117 119 120 121 122 122 122 
122 122 122 123 124 125 128 130 133 134 134 134 135 138 141 142 143 146 146 147 148 150 152 153 154 
156 156 157 157 158 161 161 162 162 163 164 164 165 166 169 170 171 171 173 174 178 178 180 181 181 
181 182 182 183 184 184 184 186 186 187 187 187 189 189 190 190 191 192 192 194 196 197 197 199 199 
200 200 202 203 203 207 207 209 209 210 210 211 214 216 217 217 218 218 219 219 220 221 221 221 222 
223 226 227 227 227 228 228 228 230 230 231 232 234 235 237 239 240 241 242 243 243 244 250 251 251 
252 252 253 254 254 255 256 259 262 263 263 264 264 264 264 264 266 269 270 273 273 274 278 280 280 
280 281 282 282 283 284 284 284 289 293 294 295 295 296 296 297 297 297 299 300 300 301 303 303 304 
304 305 306 306 307 308 308 309 309 310 311 311 312 313 313 313 313 315 315 316 316 316 317 317 318 
318 318 319 322 322 323 323 325 325 326 328 331 334 335 336 336 339 339 340 341 341 343 343 344 345 
346 347 348 348 352 352 353 355 357 357 359 363 363 365 365 366 372 373 373 373 374 374 374 375 375 
378 378 381 382 382 383 383 384 385 386 386 386 388 393 394 400 400 401 401 402 403 404 404 405 405 
408 408 408 410 411 413 413 413 413 413 415 416 416 416 417 417 418 419 420 421 421 422 424 425 425 
425 427 427 428 430 431 432 433 434 434 437 438 439 441 441 441 442 443 443 445 445 445 445 446 447 
448 448 449 449 450 450 451 452 453 454 454 456 456 460 461 461 462 462 466 467 468 470 470 470 473 
474 474 475 476 477 477 477 479 480 481 481 482 482 483 484 484 484 485 485 485 486 486 489 492 492 
493 493 494 495 497 498 498 499 499 499 501 501 502 504 504 504 506 506 506 510 510 511 511 512 512 
513 515 516 517 518 520 522 523 523 523 524 526 527 527 528 530 531 532 533 534 537 537 539 540 540 
541 541 542 543 544 544 544 545 546 548 549 549 550 551 551 552 552 553 556 556 556 557 557 557 558 
562 563 564 564 565 566 566 567 569 569 572 574 575 576 577 577 578 579 581 582 583 585 587 588 588 
588 588 589 590 591 591 592 593 593 594 595 595 599 601 601 603 607 607 607 609 609 609 609 610 611 
611 613 614 615 616 618 619 619 620 621 621 621 621 625 626 626 626 628 629 629 630 630 631 632 633 
634 635 636 637 640 644 645 646 646 649 652 654 654 656 657 657 657 657 657 658 658 659 660 662 665 
666 667 667 669 670 671 671 673 673 674 674 675 675 679 681 681 681 682 683 683 685 685 686 687 689 
689 690 692 692 693 693 695 697 697 698 699 699 700 701 701 703 703 703 705 707 709 709 710 710 713 
714 715 716 718 719 720 720 721 721 722 722 724 725 726 727 727 728 729 729 731 732 737 737 741 743 
744 745 745 746 747 749 752 753 753 754 755 756 758 758 763 764 765 766 767 767 767 769 773 773 774 
775 776 777 777 778 778 780 781 781 782 782 783 784 784 785 785 785 786 788 791 791 791 792 792 792 
793 794 795 796 797 799 799 800 803 804 804 806 806 806 807 808 810 811 811 812 812 812 815 816 816 
820 820 821 822 822 825 827 828 829 832 833 835 836 836 836 837 838 838 839 839 840 840 841 842 842 
844 844 846 847 848 848 849 849 850 851 852 855 855 856 857 857 857 858 859 859 860 861 862 864 866 
867 867 867 868 868 869 871 872 873 874 878 878 881 882 887 887 887 888 889 891 892 892 893 894 897 
899 899 899 901 904 905 905 905 906 907 907 907 907 910 912 914 914 914 920 920 920 920 924 925 925 
925 927 929 930 930 930 936 936 936 938 939 940 940 942 942 944 944 944 946 946 947 947 948 948 948 
949 950 951 952 953 953 955 955 956 959 960 960 961 964 965 965 965 966 966 968 970 974 975 976 976 
976 977 979 979 980 985 985 985 986 987 987 987 988 989 990 991 992 992 993 994 996 997 997 997 999 


Merge Reversed Time for 1000 outputs: 5146000.0 nanoseconds

999 997 997 997 996 994 993 992 992 991 990 989 988 987 987 987 986 985 985 985 980 979 979 977 976 
976 976 975 974 970 968 966 966 965 965 965 964 961 960 960 959 956 955 955 953 953 952 951 950 949 
948 948 948 947 947 946 946 944 944 944 942 942 940 940 939 938 936 936 936 930 930 930 929 927 925 
925 925 924 920 920 920 920 914 914 914 912 910 907 907 907 907 906 905 905 905 904 901 899 899 899 
897 894 893 892 892 891 889 888 887 887 887 882 881 878 878 874 873 872 871 869 868 868 867 867 867 
866 864 862 861 860 859 859 858 857 857 857 856 855 855 852 851 850 849 849 848 848 847 846 844 844 
842 842 841 840 840 839 839 838 838 837 836 836 836 835 833 832 829 828 827 825 822 822 821 820 820 
816 816 815 812 812 812 811 811 810 808 807 806 806 806 804 804 803 800 799 799 797 796 795 794 793 
792 792 792 791 791 791 788 786 785 785 785 784 784 783 782 782 781 781 780 778 778 777 777 776 775 
774 773 773 769 767 767 767 766 765 764 763 758 758 756 755 754 753 753 752 749 747 746 745 745 744 
743 741 737 737 732 731 729 729 728 727 727 726 725 724 722 722 721 721 720 720 719 718 716 715 714 
713 710 710 709 709 707 705 703 703 703 701 701 700 699 699 698 697 697 695 693 693 692 692 690 689 
689 687 686 685 685 683 683 682 681 681 681 679 675 675 674 674 673 673 671 671 670 669 667 667 666 
665 662 660 659 658 658 657 657 657 657 657 656 654 654 652 649 646 646 645 644 640 637 636 635 634 
633 632 631 630 630 629 629 628 626 626 626 625 621 621 621 621 620 619 619 618 616 615 614 613 611 
611 610 609 609 609 609 607 607 607 603 601 601 599 595 595 594 593 593 592 591 591 590 589 588 588 
588 588 587 585 583 582 581 579 578 577 577 576 575 574 572 569 569 567 566 566 565 564 564 563 562 
558 557 557 557 556 556 556 553 552 552 551 551 550 549 549 548 546 545 544 544 544 543 542 541 541 
540 540 539 537 537 534 533 532 531 530 528 527 527 526 524 523 523 523 522 520 518 517 516 515 513 
512 512 511 511 510 510 506 506 506 504 504 504 502 501 501 499 499 499 498 498 497 495 494 493 493 
492 492 489 486 486 485 485 485 484 484 484 483 482 482 481 481 480 479 477 477 477 476 475 474 474 
473 470 470 470 468 467 466 462 462 461 461 460 456 456 454 454 453 452 451 450 450 449 449 448 448 
447 446 445 445 445 445 443 443 442 441 441 441 439 438 437 434 434 433 432 431 430 428 427 427 425 
425 425 424 422 421 421 420 419 418 417 417 416 416 416 415 413 413 413 413 413 411 410 408 408 408 
405 405 404 404 403 402 401 401 400 400 394 393 388 386 386 386 385 384 383 383 382 382 381 378 378 
375 375 374 374 374 373 373 373 372 366 365 365 363 363 359 357 357 355 353 352 352 348 348 347 346 
345 344 343 343 341 341 340 339 339 336 336 335 334 331 328 326 325 325 323 323 322 322 319 318 318 
318 317 317 316 316 316 315 315 313 313 313 313 312 311 311 310 309 309 308 308 307 306 306 305 304 
304 303 303 301 300 300 299 297 297 297 296 296 295 295 294 293 289 284 284 284 283 282 282 281 280 
280 280 278 274 273 273 270 269 266 264 264 264 264 264 263 263 262 259 256 255 254 254 253 252 252 
251 251 250 244 243 243 242 241 240 239 237 235 234 232 231 230 230 228 228 228 227 227 227 226 223 
222 221 221 221 220 219 219 218 218 217 217 216 214 211 210 210 209 209 207 207 203 203 202 200 200 
199 199 197 197 196 194 192 192 191 190 190 189 189 187 187 187 186 186 184 184 184 183 182 182 181 
181 181 180 178 178 174 173 171 171 170 169 166 165 164 164 163 162 162 161 161 158 157 157 156 156 
154 153 152 150 148 147 146 146 143 142 141 138 135 134 134 134 133 130 128 125 124 123 122 122 122 
122 122 122 121 120 119 117 116 116 115 114 114 109 107 105 105 105 105 104 102 101 97 95 94 94 
91 90 90 89 89 88 88 87 87 87 86 86 86 86 85 84 83 81 79 79 78 78 78 77 74 
74 71 69 67 67 66 66 65 65 63 59 57 56 54 51 50 50 48 44 44 44 43 42 42 41 
41 40 37 37 37 36 36 36 35 35 35 35 34 31 31 30 29 29 29 27 26 26 26 25 25 
24 24 22 20 20 19 17 17 17 16 15 14 14 13 13 11 11 10 9 6 5 5 5 3 2 


------------------

Original List for: 1500 outputs

186 1359 1245 292 908 196 1255 82 406 1484 323 737 458 75 1424 1489 1270 725 785 365 531 529 3 867 1362 
141 1406 1380 291 648 872 262 1085 1368 846 704 159 878 293 1469 625 206 568 1412 631 1013 725 372 1315 1235 
1305 440 1458 1159 1316 998 1059 1383 27 1165 932 1191 1497 1138 1199 345 1303 740 930 835 799 1232 1428 1370 1102 
376 695 675 1062 266 431 500 95 526 793 545 1316 326 449 1325 1419 562 1106 33 533 104 927 599 627 185 
915 663 277 54 454 951 1301 1146 1092 130 1009 437 224 1300 407 115 45 1240 1197 1411 969 1415 753 463 202 
1264 1155 1373 1345 130 1386 1359 67 826 435 811 1184 1474 832 1423 108 1280 1273 665 1257 331 1459 259 294 1181 
1481 1053 941 1320 1458 268 551 826 1397 980 570 1125 1390 629 1378 1185 1365 704 1101 1007 1035 977 80 1254 345 
345 962 796 546 541 303 2 1438 118 495 841 405 484 819 1127 1058 161 129 485 536 1201 535 395 1047 1180 
781 1173 1412 429 108 281 23 237 1207 1368 254 663 1494 121 1370 263 1447 1466 155 997 796 673 49 29 886 
34 90 1070 1315 988 537 164 1156 333 1280 639 443 132 234 793 997 1226 1243 200 1245 777 1124 114 1455 382 
1319 289 487 297 180 1020 1214 1131 992 1107 1050 1436 275 759 1391 1371 1417 1451 1171 871 754 1006 71 968 234 
159 1357 510 683 206 1057 266 1242 562 896 372 1354 936 1475 805 421 38 1388 875 1373 54 1005 1374 975 257 
726 966 158 540 526 795 1418 66 1137 469 521 1020 1264 1134 1208 42 1474 1285 247 676 351 784 1254 557 869 
686 1375 919 222 1051 729 1392 5 1001 164 362 1 1118 712 803 703 520 573 975 632 545 1092 986 606 739 
435 1137 382 47 882 1365 348 915 906 1189 511 1150 908 1170 495 161 1479 32 1239 855 988 615 1349 1493 311 
475 1066 484 62 542 696 224 370 1021 1202 1243 1054 343 1090 708 732 789 1403 354 755 594 1278 553 175 823 
1143 1427 53 478 952 311 346 269 125 1255 1224 226 1016 712 48 459 1389 1160 597 1025 95 1244 458 813 154 
648 359 507 1176 1120 644 902 322 693 1408 684 568 1222 892 745 625 1073 879 282 1342 117 877 1476 346 1413 
868 392 1467 1219 245 173 1276 747 680 962 1370 376 1094 757 1334 670 136 537 61 162 528 1189 391 139 429 
746 145 1085 1385 599 1470 543 1155 1492 850 1189 1063 856 930 797 193 40 1144 628 1017 869 1210 454 1094 1261 
414 1007 198 415 1241 1328 1218 1246 483 494 1128 1245 632 1122 529 1024 995 806 1461 622 963 336 66 1387 462 
641 1401 177 1074 625 417 1168 384 1073 1162 1067 245 181 1457 709 1346 590 438 437 552 289 598 874 31 511 
272 132 627 736 472 488 791 917 266 558 3 786 289 558 891 745 416 292 1355 1250 11 493 1486 332 1223 
1467 694 613 59 1045 990 1134 1290 1033 386 1354 1375 727 312 1290 536 279 136 1269 716 654 1179 962 1068 1378 
45 1151 755 788 429 960 959 540 790 1361 1092 44 1367 1441 269 222 1049 1206 990 1032 353 1166 255 781 901 
808 812 978 528 1371 1386 1270 693 975 150 987 1193 338 530 947 797 839 408 1469 744 1079 863 302 1399 100 
1093 626 1434 1175 712 415 511 297 1009 1068 809 991 1266 363 771 1203 979 1179 1299 179 56 693 718 1021 1143 
1294 191 1192 282 497 1300 699 741 1107 482 1100 73 177 1385 1473 852 125 39 1455 444 90 1257 474 1359 802 
299 302 181 777 826 127 1458 256 149 665 721 1484 1189 952 282 310 1139 1081 1227 1252 807 1011 336 465 14 
444 1148 1262 1429 861 118 29 885 18 886 244 1135 1270 981 1347 666 1488 631 378 149 1226 1187 1242 1307 515 
986 1323 585 708 26 337 257 219 290 259 1326 56 1275 416 1117 589 369 944 39 206 291 547 917 319 146 
423 432 478 1177 273 1035 32 1346 1126 704 732 1270 347 238 1474 394 1146 168 1003 470 427 1318 78 1255 48 
230 107 417 524 20 1340 1317 1240 690 684 607 269 438 754 0 1398 1494 1102 522 1363 1211 755 1417 1462 232 
1389 1028 209 225 26 17 725 798 936 222 1070 1269 485 27 405 320 136 706 163 1454 1048 958 879 1434 1335 
701 1471 721 353 1153 1092 1301 751 153 968 430 831 661 85 257 494 1491 245 1097 849 1038 385 721 205 1425 
743 1041 98 190 860 1345 1427 1121 286 932 76 891 1215 839 1472 948 883 964 122 604 228 994 64 423 1369 
939 612 517 344 1094 1139 677 185 568 572 458 473 617 741 227 200 263 248 1039 1187 90 489 141 809 405 
836 103 1045 1170 639 955 369 1357 415 368 1322 133 752 501 1221 1275 1322 823 894 253 1146 554 872 1064 2 
314 1301 287 726 485 604 707 576 460 700 951 135 807 423 1249 180 270 1412 1188 750 62 1267 993 1109 1142 
120 157 905 1166 540 233 801 1142 120 805 286 360 1354 1359 130 1353 1150 583 591 502 505 752 1101 777 1126 
18 778 1224 263 336 467 985 1419 422 1208 1313 702 735 1276 981 697 852 306 277 884 968 674 168 1046 625 
1013 560 292 1470 513 636 611 1240 115 157 1176 1138 1010 766 1409 903 5 1272 699 505 1369 697 419 1329 174 
105 1242 112 97 1391 1272 730 542 1014 249 866 932 747 539 536 662 624 88 872 1461 1260 1449 1020 1488 834 
519 1101 947 459 1386 959 1017 1451 736 321 969 572 69 1033 873 651 934 126 242 50 214 1372 27 1451 421 
1017 1456 1354 1012 477 1490 516 1162 1 1286 860 363 538 952 1288 510 444 1032 1201 1492 138 1248 176 1204 1152 
1079 1321 594 1435 1341 759 793 551 1267 1086 1328 1095 1147 425 624 542 603 726 1461 214 1431 11 168 717 804 
769 1110 125 1348 949 759 889 1184 420 24 1062 1089 403 746 40 1362 250 545 1357 99 1234 677 1448 1428 967 
901 736 498 1353 698 136 155 383 478 575 656 1197 1047 540 1279 1335 102 1152 811 1127 1181 1005 890 1416 722 
275 305 774 1493 1419 667 1122 58 211 496 617 1479 576 517 81 1409 395 1285 697 15 647 182 290 987 305 
1058 340 446 794 222 139 987 1026 694 683 896 890 495 278 1180 559 1185 492 93 862 36 570 1222 497 855 
92 925 1172 548 594 300 1209 1043 342 121 370 1289 395 572 881 573 461 957 758 164 309 1484 569 70 1258 
322 842 989 1082 177 777 385 1459 1339 336 13 345 1068 1157 1278 1008 190 655 1205 1419 1422 1284 580 357 686 
479 110 1210 1493 235 23 1182 904 448 1129 121 447 760 116 233 847 923 717 32 1107 736 1406 1427 737 999 
1414 245 569 75 648 735 741 281 97 260 1184 615 564 332 1469 1340 31 1242 323 1173 820 1419 255 73 1145 
451 546 522 140 1342 270 1047 774 1460 340 875 392 578 504 1159 314 1105 484 1461 752 129 530 993 934 899 
614 4 984 160 1257 401 791 310 300 244 1164 346 292 935 1438 664 575 359 278 494 465 1411 836 984 634 
1163 292 113 863 1356 844 1167 811 434 101 1 1439 808 373 842 970 333 661 1194 689 1430 695 1093 1435 119 
1067 280 1029 1079 950 941 473 1187 1412 1227 1376 1393 305 314 910 190 1087 101 542 1206 1194 1357 799 117 1460 
